T	S1
0	0.174288
1	0.159996
2	0.144910
3	0.129110
4	0.112682
5	0.095716
6	0.078303
7	0.060537
8	0.042515
9	0.024334
10	0.006093
11	-0.012110
12	-0.030179
13	-0.048016
14	-0.065526
15	-0.082618
16	-0.099202
17	-0.115193
18	-0.130507
19	-0.145067
20	-0.158800
21	-0.171640
22	-0.183523
23	-0.194394
24	-0.204203
25	-0.212907
26	-0.220471
27	-0.226863
28	-0.232063
29	-0.236054
30	-0.238829
31	-0.240387
32	-0.240733
33	-0.239882
34	-0.237853
35	-0.234672
36	-0.230372
37	-0.224993
38	-0.218579
39	-0.211179
40	-0.202850
41	-0.193651
42	-0.183646
43	-0.172903
44	-0.161492
45	-0.149488
46	-0.136965
47	-0.124003
48	-0.110679
49	-0.097074
50	-0.083266
51	-0.069336
52	-0.055361
53	-0.165267
54	-0.172281
55	-0.176689
56	-0.178213
57	-0.176633
58	-0.171792
59	-0.163597
60	-0.152027
61	-0.137130
62	-0.119023
63	-0.097893
64	-0.073991
65	-0.047631
66	-0.019181
67	0.010939
68	0.042272
69	0.074325
70	0.106582
71	0.138512
72	0.169583
73	0.199266
74	0.227051
75	0.252453
76	0.275024
77	0.294358
78	0.310106
79	0.321974
80	0.329736
81	0.333238
82	0.332395
83	0.327202
84	0.317729
85	0.304120
86	0.286595
87	0.265440
88	0.241008
89	0.213709
90	0.184004
91	0.152398
92	0.119427
93	0.085652
94	0.051646
95	0.017987
96	-0.014757
97	-0.046036
98	-0.075328
99	-0.102150
100	-0.126064
101	-0.146691
102	-0.163709
103	-0.176869
104	-0.185990
105	-0.190972
106	-0.191787
107	-0.188489
108	-0.181207
109	-0.170145
110	-0.155575
111	-0.137836
112	-0.117325
113	-0.094490
114	-0.069819
115	-0.043837
116	-0.017087
117	0.009873
118	0.036483
119	0.062193
120	0.086471
121	0.108814
122	0.128761
123	0.145895
124	0.159856
125	0.170345
126	0.177133
127	0.180061
128	0.179046
129	0.174080
130	0.165233
131	0.152648
132	0.136542
133	0.117199
134	0.094965
135	0.070242
136	0.043478
137	0.015162
138	-0.014188
139	-0.044034
140	-0.073828
141	-0.103026
142	-0.131092
143	-0.157513
144	-0.181808
145	-0.203536
146	-0.222305
147	-0.237779
148	-0.249685
149	-0.257819
150	-0.262045
151	-0.262303
152	-0.258609
153	-0.251049
154	-0.239787
155	-0.225051
156	-0.207136
157	-0.186396
158	-0.163233
159	-0.138097
160	-0.111470
161	-0.083859
162	-0.055790
163	-0.027789
164	-0.000381
165	0.025927
166	0.050651
167	0.073342
168	0.093596
169	0.111057
170	0.125428
171	0.136477
172	0.144038
173	0.148015
174	0.148386
175	0.145203
176	0.138587
177	0.128730
178	0.115889
179	0.100381
180	0.082577
181	0.062893
182	0.041785
183	0.019737
184	-0.002747
185	-0.025155
186	-0.046974
187	-0.067703
188	-0.086863
189	-0.104002
190	-0.118710
191	-0.130626
192	-0.139442
193	-0.144910
194	-0.146850
195	-0.145153
196	-1.039587
197	-0.811872
198	-0.216708
199	0.434430
200	0.801883
201	0.699162
202	0.192432
203	-0.435034
204	-0.834422
205	-0.777986
206	-0.280992
207	0.406176
208	0.931517
209	1.029215
210	0.661392
211	0.038078
212	-0.495258
213	-0.642529
214	-0.315441
215	0.319147
216	0.928223
217	1.190434
218	0.967696
219	0.378933
220	-0.263479
221	-0.620580
222	-0.507872
223	0.006214
224	0.637018
225	1.035917
226	0.976799
227	0.477099
228	-0.211267
229	-0.736242
230	-0.833456
231	-0.467203
232	0.150762
233	0.674642
234	0.809622
235	0.469642
236	-0.176391
237	-0.794645
238	-1.064552
239	-0.849942
240	-0.271688
241	0.356955
242	0.697757
243	0.568236
244	0.039114
245	-0.603542
246	-1.011280
247	-0.959593
248	-0.468044
249	0.209976
250	0.722412
251	0.806398
252	0.428453
253	-0.197906
254	-0.726515
255	-0.863794
256	-0.525871
257	0.116351
258	0.728280
259	0.990189
260	0.767868
261	0.184173
262	-0.446735
263	-0.787336
264	-0.657141
265	-0.129130
266	0.509262
267	0.909795
268	0.849597
269	0.350383
270	-0.332969
271	-0.848397
272	-0.934532
273	-0.560092
274	0.059670
275	0.578265
276	0.703387
277	0.353384
278	-0.298824
279	-0.917859
280	-1.184815
281	-0.967403
282	-0.390415
283	0.231145
284	0.560531
285	0.419307
286	-0.117231
287	-0.760232
288	-1.161620
289	-1.100101
290	-0.599474
291	0.083971
292	0.598250
293	0.683560
294	0.310891
295	-0.302721
296	-0.810413
297	-0.921109
298	-0.555332
299	0.112030
300	0.087443
301	0.124764
302	0.160243
303	0.193382
304	0.223730
305	0.250889
306	0.274519
307	0.294349
308	0.310174
309	0.321866
310	0.329367
311	0.332698
312	0.331950
313	0.327287
314	0.318939
315	0.307197
316	0.292409
317	0.274968
318	0.255308
319	0.233893
320	0.211209
321	0.187752
322	0.164018
323	0.140495
324	0.117652
325	0.095930
326	0.075733
327	0.057420
328	0.041299
329	0.027620
330	0.016571
331	0.008272
332	0.002780
333	0.000079
334	0.000087
335	0.002656
336	0.007578
337	0.014584
338	0.023355
339	0.033528
340	0.044703
341	0.056451
342	0.068325
343	0.079869
344	0.090627
345	0.100154
346	0.108025
347	0.113845
348	0.117258
349	0.117954
350	0.115676
351	0.110229
352	0.101481
353	0.089370
354	0.073904
355	0.055164
356	0.033302
357	0.008540
358	-0.018834
359	-0.048470
360	-0.079962
361	-0.112854
362	-0.146650
363	-0.180821
364	-0.214818
365	-0.248075
366	-0.280029
367	-0.310121
368	-0.337814
369	-0.362598
370	-0.384004
371	-0.401609
372	-0.415048
373	-0.424019
374	-0.428288
375	-0.427696
376	-0.422165
377	-0.411694
378	-0.396363
379	-0.376332
380	-0.351841
381	-0.323200
382	-0.290792
383	-0.255058
384	-0.216498
385	-0.175656
386	-0.133113
387	-0.089479
388	-0.045377
389	-0.001440
390	0.041710
391	0.083462
392	0.123236
393	0.160486
394	0.194714
395	0.225477
396	0.252392
397	0.275147
398	0.293502
399	0.307295
400	0.316444
401	0.320946
402	0.320878
403	0.316395
404	0.307725
405	0.295165
406	0.279073
407	0.259867
408	0.238006
409	0.213991
410	0.188350
411	0.161628
412	0.134379
413	0.107153
414	0.080485
415	0.054889
416	0.030843
417	0.008785
418	-0.010897
419	-0.027874
420	0.155954
421	0.148650
422	0.140771
423	0.132379
424	0.123542
425	0.114327
426	0.104803
427	0.095038
428	0.085102
429	0.075064
430	0.064990
431	0.054947
432	0.045000
433	0.035210
434	0.025636
435	0.016334
436	0.007357
437	-0.001247
438	-0.009434
439	-0.017162
440	-0.024396
441	-0.031106
442	-0.037265
443	-0.042852
444	-0.047851
445	-0.052251
446	-0.056047
447	-0.059237
448	-0.061825
449	-0.063819
450	-0.065234
451	-0.066087
452	-0.066400
453	-0.066198
454	-0.065511
455	-0.064371
456	-0.062814
457	-0.060879
458	-0.058605
459	-0.056036
460	-0.053214
461	-0.050185
462	-0.046993
463	-0.043686
464	-0.040307
465	-0.036903
466	-0.033516
467	-0.030191
468	-0.026968
469	-0.023886
470	-0.020981
471	-0.018288
472	-0.015838
473	-0.013659
474	-0.011776
475	-0.010209
476	-0.008977
477	-0.008093
478	-0.007567
479	-0.007404
480	-0.007606
481	-0.008172
482	-0.009095
483	-0.010365
484	-0.011969
485	-0.013889
486	-0.016105
487	-0.018593
488	-0.021327
489	-0.024276
490	-0.027410
491	-0.030693
492	-0.034089
493	-0.037562
494	-0.041073
495	-0.044581
496	-0.048047
497	-0.051430
498	-0.054690
499	-0.057787
500	-0.060684
501	-0.063341
502	-0.065723
503	-0.067797
504	-0.069529
505	-0.070890
506	-0.071853
507	-0.072393
508	-0.072491
509	-0.072127
510	-0.071288
511	-0.069963
512	-0.068145
513	-0.065830
514	-0.063019
515	-0.059716
516	-0.055929
517	-0.051671
518	-0.046955
519	-0.041802
520	-0.036234
521	-0.030277
522	-0.023959
523	-0.017312
524	-0.010371
525	-0.003172
526	0.004245
527	0.011840
528	0.019571
529	0.027392
530	0.035261
531	0.043131
532	0.050956
533	0.058691
534	0.066290
535	0.073707
536	0.080900
537	0.087824
538	0.094438
539	0.100703
540	0.106581
541	0.112036
542	0.117036
543	0.121549
544	0.125549
545	0.129011
546	0.131914
547	0.134238
548	0.135971
549	0.137101
550	0.137619
551	0.137521
552	0.136807
553	0.135479
554	0.133544
555	0.131010
556	0.127889
557	0.124199
558	0.119956
559	0.115183
560	0.109904
561	0.104144
562	0.097933
563	0.091302
564	0.084282
565	0.076908
566	0.069216
567	0.061241
568	0.053022
569	0.044597
570	0.036004
571	0.027281
572	0.018468
573	0.009602
574	0.000722
575	-0.008135
576	-0.016932
577	-0.025635
578	-0.034210
579	-0.042623
580	-0.050843
581	-0.058840
582	-0.066587
583	-0.074057
584	-0.081226
585	-0.088071
586	-0.094571
587	-0.100709
588	-0.106466
589	-0.111830
590	-0.116785
591	-0.121323
592	-0.125433
593	-0.129108
594	-0.132343
595	-0.135134
596	-0.137478
597	-0.139374
598	-0.140822
599	-0.141825
600	-0.142384
601	-0.142504
602	-0.142191
603	-0.141448
604	-0.140283
605	-0.138704
606	-0.136717
607	-0.134331
608	-0.131556
609	-0.128400
610	-0.124872
611	-0.120984
612	-0.116744
613	-0.112164
614	-0.107253
615	-0.102024
616	-0.096486
617	-0.090652
618	-0.084533
619	-0.078141
620	-0.071488
621	-0.064587
622	-0.057452
623	-0.050095
624	-0.042531
625	-0.034774
626	-0.026841
627	-0.018747
628	-0.010510
629	-0.002146
630	0.006325
631	0.014883
632	0.023509
633	0.032180
634	0.040875
635	0.049568
636	0.058235
637	0.066852
638	0.075390
639	0.083822
640	0.092119
641	0.100252
642	0.108190
643	0.115903
644	0.123358
645	0.130524
646	0.137367
647	0.143856
648	0.149958
649	0.155640
650	0.160870
651	0.165617
652	0.169849
653	0.173537
654	0.176653
655	0.179168
656	0.181057
657	0.182297
658	0.182866
659	0.182744
660	0.181914
661	0.180363
662	0.178079
663	0.175054
664	0.171282
665	0.166764
666	0.161500
667	0.155497
668	0.148764
669	0.141315
670	0.133167
671	0.124342
672	0.114866
673	0.104767
674	0.094080
675	0.082841
676	0.071091
677	0.058875
678	0.046242
679	0.033241
680	0.019929
681	0.006361
682	-0.007402
683	-0.021298
684	-0.035264
685	-0.049233
686	-0.063138
687	-0.076912
688	-0.090486
689	-0.103791
690	-0.116759
691	-0.129323
692	-0.141415
693	-0.152970
694	-0.163924
695	-0.174218
696	-0.183792
697	-0.192590
698	-0.200562
699	-0.207659
700	-0.213836
701	-0.219055
702	-0.223281
703	-0.226485
704	-0.228641
705	-0.229731
706	-0.229742
707	-0.228666
708	-0.226503
709	-0.223256
710	-0.218937
711	-0.213562
712	-0.207154
713	-0.199741
714	-0.191358
715	-0.182044
716	-0.171847
717	-0.160815
718	-0.149006
719	-0.136478
720	-0.123298
721	-0.109532
722	-0.095254
723	-0.080539
724	-0.065464
725	-0.050111
726	-0.034559
727	-0.018893
728	-0.003197
729	0.012446
730	0.027952
731	0.043237
732	0.058221
733	0.072823
734	0.086965
735	0.100575
736	0.113579
737	0.125910
738	0.137506
739	0.148306
740	0.158257
741	0.167310
742	0.175421
743	0.182554
744	0.188677
745	0.193765
746	0.197798
747	0.200765
748	0.202659
749	0.203481
750	0.203239
751	0.201945
752	0.199621
753	0.196291
754	0.191987
755	0.186748
756	0.180617
757	0.173641
758	0.165874
759	0.157372
760	0.148198
761	0.138416
762	0.128094
763	0.117302
764	0.106114
765	0.094603
766	0.082845
767	0.070915
768	0.058890
769	0.046844
770	0.034853
771	0.022990
772	0.011325
773	-0.000073
774	-0.011138
775	-0.021808
776	-0.032025
777	-0.041733
778	-0.050883
779	-0.059429
780	-0.067332
781	-0.074555
782	-0.081070
783	-0.086851
784	-0.091882
785	-0.096149
786	-0.099645
787	-0.102369
788	-0.104326
789	-0.105526
790	-0.105985
791	-0.105723
792	-0.104767
793	-0.103147
794	-0.100899
795	-0.098061
796	-0.094677
797	-0.090793
798	-0.086459
799	-0.081727
800	-0.076651
801	-0.071288
802	-0.065694
803	-0.059927
804	-0.054046
805	-0.048108
806	-0.042171
807	-0.036292
808	-0.030524
809	-0.024920
810	-0.019531
811	-0.014405
812	-0.009585
813	-0.005112
814	-0.001023
815	0.002649
816	0.005876
817	0.008632
818	0.010901
819	0.012665
820	0.013918
821	0.014653
822	0.014872
823	0.014579
824	0.013785
825	0.012506
826	0.010761
827	0.008575
828	0.005975
829	0.002995
830	-0.000330
831	-0.003960
832	-0.007853
833	-0.011962
834	-0.016242
835	-0.020642
836	-0.025112
837	-0.029599
838	-0.034052
839	-0.038418
840	-0.042644
841	-0.046679
842	-0.050473
843	-0.053977
844	-0.057145
845	-0.059931
846	-0.062296
847	-0.064199
848	-0.065608
849	-0.066490
850	-0.066820
851	-0.066573
852	-0.065733
853	-0.064287
854	-0.062225
855	-0.059544
856	-0.056247
857	-0.052339
858	-0.047832
859	-0.042743
860	-0.037093
861	-0.030909
862	-0.024221
863	-0.017066
864	-0.009481
865	-0.001512
866	0.006796
867	0.015393
868	0.024224
869	0.033235
870	0.042368
871	0.051563
872	0.060759
873	0.069894
874	0.078907
875	0.087735
876	0.096316
877	0.104590
878	0.112497
879	0.119980
880	0.126982
881	0.133450
882	0.139335
883	0.144590
884	0.149172
885	0.153042
886	0.156164
887	0.158509
888	0.160050
889	0.160768
890	0.160646
891	0.159674
892	0.157847
893	0.155165
894	0.151634
895	0.147264
896	0.142071
897	0.136077
898	0.129307
899	0.121792
900	0.113569
901	0.104677
902	0.095160
903	0.085066
904	0.074447
905	0.063358
906	0.051856
907	0.040001
908	0.027855
909	0.015482
910	0.002948
911	-0.009682
912	-0.022341
913	-0.034963
914	-0.047481
915	-0.059830
916	-0.071945
917	-0.083764
918	-0.095226
919	-0.106273
920	-0.116847
921	-0.126897
922	-0.136372
923	-0.145226
924	-0.153415
925	-0.160902
926	-0.167651
927	-0.173631
928	-0.178818
929	-0.183189
930	-0.186726
931	-0.189419
932	-0.191258
933	-0.192241
934	-0.192368
935	-0.191646
936	-0.190085
937	-0.187698
938	-0.184504
939	-0.180525
940	-0.175787
941	-0.170319
942	-0.164154
943	-0.157326
944	-0.149876
945	-0.141842
946	-0.133267
947	-0.124197
948	-0.114678
949	-0.104757
950	-0.094482
951	-0.083903
952	-0.073069
953	-0.062031
954	-0.050837
955	-0.039538
956	-0.028181
957	-0.016814
958	-0.005485
959	0.005762
960	0.016883
961	0.027835
962	0.038578
963	0.049074
964	0.059286
965	0.069180
966	0.078724
967	0.087888
968	0.096646
969	0.104972
970	0.112844
971	0.120241
972	0.127146
973	0.133544
974	0.139420
975	0.144765
976	0.149570
977	0.153828
978	0.157533
979	0.160684
980	0.163279
981	0.165319
982	0.166806
983	0.167744
984	0.168138
985	0.167995
986	0.167321
987	0.166125
988	0.164418
989	0.162209
990	0.159510
991	0.156333
992	0.152691
993	0.148597
994	0.144064
995	0.139109
996	0.133744
997	0.127987
998	0.121853
999	0.115358
1000	0.108519
1001	0.101354
1002	0.093880
1003	0.086116
1004	0.078081
1005	0.069794
1006	0.061275
1007	0.052545
1008	0.043625
1009	0.034537
1010	0.025304
1011	0.015950
1012	0.006497
1013	-0.003027
1014	-0.012599
1015	-0.022192
1016	-0.031777
1017	-0.041328
1018	-0.050816
1019	-0.060210
1020	-0.069482
1021	-0.078600
1022	-0.087534
1023	-0.096252
1024	-0.104723
1025	-0.112913
1026	-0.120792
1027	-0.128327
1028	-0.135486
1029	-0.142238
1030	-0.148552
1031	-0.154398
1032	-0.159746
1033	-0.164567
1034	-0.168835
1035	-0.172524
1036	-0.175610
1037	-0.178071
1038	-0.179885
1039	-0.181036
1040	-0.181506
1041	-0.181284
1042	-0.180359
1043	-0.178722
1044	-0.176370
1045	-0.173300
1046	-0.169516
1047	-0.165021
1048	-0.159825
1049	-0.153939
1050	-0.147379
1051	-0.140165
1052	-0.132319
1053	-0.123868
1054	-0.114841
1055	-0.105272
1056	-0.095196
1057	-0.084655
1058	-0.073690
1059	-0.062347
1060	-0.050675
1061	-0.038724
1062	-0.026547
1063	-0.014199
1064	-0.001737
1065	0.010781
1066	0.023296
1067	0.035749
1068	0.048079
1069	0.060225
1070	0.072128
1071	0.083728
1072	0.094967
1073	0.105787
1074	0.116134
1075	0.125953
1076	0.135194
1077	0.143809
1078	0.151753
1079	0.158983
1080	0.165462
1081	0.171155
1082	0.176032
1083	0.180069
1084	0.183242
1085	0.185537
1086	0.186941
1087	0.187448
1088	0.187057
1089	0.185771
1090	0.183599
1091	0.180555
1092	0.176658
1093	0.171931
1094	0.166404
1095	0.160109
1096	0.153084
1097	0.145371
1098	0.137017
1099	0.128070
1100	0.118584
1101	0.108615
1102	0.098222
1103	0.087466
1104	0.076409
1105	0.065117
1106	0.053656
1107	0.042091
1108	0.030490
1109	0.018918
1110	0.007443
1111	-0.003873
1112	-0.014964
1113	-0.025770
1114	-0.036231
1115	-0.046292
1116	-0.055898
1117	-0.065000
1118	-0.073551
1119	-0.081510
1120	-0.088838
1121	-0.095503
1122	-0.101474
1123	-0.106730
1124	-0.111251
1125	-0.115024
1126	-0.118040
1127	-0.120297
1128	-0.121797
1129	-0.122548
1130	-0.122561
1131	-0.121856
1132	-0.120453
1133	-0.118381
1134	-0.115670
1135	-0.112357
1136	-0.108480
1137	-0.104082
1138	-0.099210
1139	-0.093913
1140	-0.088241
1141	-0.082248
1142	-0.075989
1143	-0.069520
1144	-0.062898
1145	-0.056180
1146	-0.049422
1147	-0.042681
1148	-0.036011
1149	-0.029468
1150	-0.023101
1151	-0.016962
1152	-0.011096
1153	-0.005547
1154	-0.000357
1155	0.004440
1156	0.008809
1157	0.012723
1158	0.016157
1159	0.019091
1160	0.021512
1161	0.023408
1162	0.024776
1163	0.025614
1164	0.025929
1165	0.025728
1166	0.025028
1167	0.023846
1168	0.022207
1169	0.020137
1170	0.017670
1171	0.014840
1172	0.011687
1173	0.008252
1174	0.004580
1175	0.000719
1176	-0.003283
1177	-0.007375
1178	-0.011504
1179	-0.015619
1180	-0.019667
1181	-0.023596
1182	-0.027353
1183	-0.030888
1184	-0.034153
1185	-0.037099
1186	-0.039683
1187	-0.041863
1188	-0.043599
1189	-0.044858
1190	-0.045608
1191	-0.045821
1192	-0.045476
1193	-0.044555
1194	-0.043044
1195	-0.040936
1196	-0.038228
1197	-0.034922
1198	-0.031026
1199	-0.026554
1200	-0.021522
1201	-0.015956
1202	-0.009882
1203	-0.003335
1204	0.003648
1205	0.011025
1206	0.018750
1207	0.026771
1208	0.035036
1209	0.043487
1210	0.052066
1211	0.060711
1212	0.069359
1213	0.077943
1214	0.086400
1215	0.094662
1216	0.102665
1217	0.110342
1218	0.117629
1219	0.124464
1220	0.130786
1221	0.136537
1222	0.141662
1223	0.146109
1224	0.149831
1225	0.152784
1226	0.154929
1227	0.156233
1228	0.156666
1229	0.156205
1230	0.154833
1231	0.152538
1232	0.149314
1233	0.145162
1234	0.140089
1235	0.134108
1236	0.127237
1237	0.119502
1238	0.110934
1239	0.101570
1240	0.091453
1241	0.080630
1242	0.069155
1243	0.057086
1244	0.044485
1245	0.031418
1246	0.017956
1247	0.004171
1248	-0.009861
1249	-0.024061
1250	-0.038349
1251	-0.052645
1252	-0.066866
1253	-0.080930
1254	-0.094756
1255	-0.108262
1256	-0.121370
1257	-0.134002
1258	-0.146082
1259	-0.157539
1260	-0.168303
1261	-0.178310
1262	-0.187498
1263	-0.195811
1264	-0.203198
1265	-0.209613
1266	-0.215015
1267	-0.219371
1268	-0.222651
1269	-0.224833
1270	-0.225902
1271	-0.225848
1272	-0.224667
1273	-0.222364
1274	-0.218948
1275	-0.214437
1276	-0.208851
1277	-0.202222
1278	-0.194582
1279	-0.185973
1280	-0.176440
1281	-0.166034
1282	-0.154811
1283	-0.142831
1284	-0.130158
1285	-0.116859
1286	-0.103006
1287	-0.088672
1288	-0.073933
1289	-0.058867
1290	-0.043552
1291	-0.028069
1292	-0.012497
1293	0.003084
1294	0.018594
1295	0.033954
1296	0.049089
1297	0.063923
1298	0.078384
1299	0.092402
1300	0.105910
1301	0.118846
1302	0.131150
1303	0.142768
1304	0.153648
1305	0.163744
1306	0.173016
1307	0.181426
1308	0.188944
1309	0.195543
1310	0.201203
1311	0.205908
1312	0.209649
1313	0.212419
1314	0.214219
1315	0.215056
1316	0.214937
1317	0.213880
1318	0.211902
1319	0.209028
1320	0.205286
1321	0.200708
1322	0.195329
1323	0.189188
1324	0.182326
1325	0.174789
1326	0.166622
1327	0.157875
1328	0.148597
1329	0.138842
1330	0.128661
1331	0.118108
1332	0.107238
1333	0.096103
1334	0.084759
1335	0.073258
1336	0.061652
1337	0.049994
1338	0.038332
1339	0.026717
1340	0.015193
1341	0.003806
1342	-0.007400
1343	-0.018387
1344	-0.029115
1345	-0.039549
1346	-0.049655
1347	-0.059405
1348	-0.068769
1349	-0.077722
1350	-0.086243
1351	-0.094311
1352	-0.101909
1353	-0.109023
1354	-0.115639
1355	-0.121750
1356	-0.127347
1357	-0.132425
1358	-0.136981
1359	-0.141014
1360	-0.144524
1361	-0.147515
1362	-0.149989
1363	-0.151954
1364	-0.153414
1365	-0.154379
1366	-0.154857
1367	-0.154859
1368	-0.154394
1369	-0.153475
1370	-0.152113
1371	-0.150321
1372	-0.148111
1373	-0.145498
1374	-0.142493
1375	-0.139111
1376	-0.135366
1377	-0.131271
1378	-0.126841
1379	-0.122088
1380	-0.117028
1381	-0.111674
1382	-0.106041
1383	-0.100143
1384	-0.093994
1385	-0.087608
1386	-0.081001
1387	-0.074188
1388	-0.067183
1389	-0.060003
1390	-0.052663
1391	-0.045181
1392	-0.037571
1393	-0.029854
1394	-0.022045
1395	-0.014165
1396	-0.006231
1397	0.001735
1398	0.009714
1399	0.017683
1400	0.025623
1401	0.033508
1402	0.041318
1403	0.049028
1404	0.056613
1405	0.064050
1406	0.071312
1407	0.078376
1408	0.085215
1409	0.091804
1410	0.098117
1411	0.104130
1412	0.109816
1413	0.115152
1414	0.120113
1415	0.124676
1416	0.128819
1417	0.132521
1418	0.135762
1419	0.138523
1420	0.140787
1421	0.142539
1422	0.143765
1423	0.144456
1424	0.144600
1425	0.144191
1426	0.143226
1427	0.141701
1428	0.139619
1429	0.136981
1430	0.133795
1431	0.130069
1432	0.125816
1433	0.121049
1434	0.115786
1435	0.110048
1436	0.103857
1437	0.097238
1438	0.090221
1439	0.082835
1440	0.075114
1441	0.067091
1442	0.058805
1443	0.050294
1444	0.041599
1445	0.032760
1446	0.023821
1447	0.014825
1448	0.005817
1449	-0.003160
1450	-0.012059
1451	-0.020838
1452	-0.029451
1453	-0.037857
1454	-0.046012
1455	-0.053877
1456	-0.061411
1457	-0.068579
1458	-0.075344
1459	-0.081675
1460	-0.087541
1461	-0.092914
1462	-0.097771
1463	-0.102091
1464	-0.105855
1465	-0.109050
1466	-0.111664
1467	-0.113691
1468	-0.115128
1469	-0.115974
1470	-0.116234
1471	-0.115916
1472	-0.115031
1473	-0.113594
1474	-0.111624
1475	-0.109143
1476	-0.106175
1477	-0.102749
1478	-0.098896
1479	-0.094648
1480	-0.090043
1481	-0.085116
1482	-0.079909
1483	-0.074461
1484	-0.068816
1485	-0.063015
1486	-0.057103
1487	-0.051123
1488	-0.045119
1489	-0.039133
1490	-0.033208
1491	-0.027384
1492	-0.021701
1493	-0.016198
1494	-0.010909
1495	-0.005868
1496	-0.001105
1497	0.003350
1498	0.007474
1499	0.011246
1500	0.014645
1501	0.017659
1502	0.020276
1503	0.022489
1504	0.024294
1505	0.025692
1506	0.026687
1507	0.027287
1508	0.027503
1509	0.027351
1510	0.026849
1511	0.026019
1512	0.024887
1513	0.023479
1514	0.021827
1515	0.019962
1516	0.017921
1517	0.015739
1518	0.013454
1519	0.011106
1520	0.008735
1521	0.006379
1522	0.004081
1523	0.001878
1524	-0.000189
1525	-0.002084
1526	-0.003768
1527	-0.005209
1528	-0.006372
1529	-0.007229
1530	-0.007752
1531	-0.007918
1532	-0.007704
1533	-0.007094
1534	-0.006075
1535	-0.004636
1536	-0.002773
1537	-0.000484
1538	0.002228
1539	0.005355
1540	0.008886
1541	0.012804
1542	0.017090
1543	0.021719
1544	0.026662
1545	0.031888
1546	0.037359
1547	0.043038
1548	0.048881
1549	0.054843
1550	0.060875
1551	0.066929
1552	0.072952
1553	0.078891
1554	0.084691
1555	0.090298
1556	0.095656
1557	0.100712
1558	0.105410
1559	0.109699
1560	0.113526
1561	0.116844
1562	0.119605
1563	0.121765
1564	0.123285
1565	0.124127
1566	0.124258
1567	0.123651
1568	0.122282
1569	0.120132
1570	0.117188
1571	0.113441
1572	0.108888
1573	0.103533
1574	0.097385
1575	0.090458
1576	0.082773
1577	0.074354
1578	0.065236
1579	0.055454
1580	0.045051
1581	0.034076
1582	0.022580
1583	0.010622
1584	-0.001738
1585	-0.014433
1586	-0.027394
1587	-0.040550
1588	-0.053824
1589	-0.067141
1590	-0.080421
1591	-0.093585
1592	-0.106551
1593	-0.119239
1594	-0.131569
1595	-0.143460
1596	-0.154836
1597	-0.165620
1598	-0.175738
1599	-0.185121
1600	-0.193702
1601	-0.201419
1602	-0.208212
1603	-0.214029
1604	-0.218822
1605	-0.222548
1606	-0.225172
1607	-0.226663
1608	-0.226999
1609	-0.226162
1610	-0.224143
1611	-0.220940
1612	-0.216556
1613	-0.211004
1614	-0.204301
1615	-0.196475
1616	-0.187557
1617	-0.177588
1618	-0.166612
1619	-0.154682
1620	-0.141857
1621	-0.128200
1622	-0.113781
1623	-0.098673
1624	-0.082955
1625	-0.066710
1626	-0.050023
1627	-0.032983
1628	-0.015680
1629	0.001790
1630	0.019336
1631	0.036861
1632	0.054272
1633	0.071472
1634	0.088370
1635	0.104872
1636	0.120890
1637	0.136338
1638	0.151130
1639	0.165189
1640	0.178438
1641	0.190806
1642	0.202229
1643	0.212646
1644	0.222003
1645	0.230252
1646	0.237352
1647	0.243268
1648	0.247973
1649	0.251444
1650	0.253669
1651	0.254641
1652	0.254360
1653	0.252834
1654	0.250078
1655	0.246112
1656	0.240965
1657	0.234672
1658	0.227273
1659	0.218815
1660	0.209350
1661	0.198937
1662	0.187636
1663	0.175514
1664	0.162643
1665	0.149096
1666	0.134951
1667	0.120286
1668	0.105184
1669	0.089727
1670	0.073999
1671	0.058085
1672	0.042069
1673	0.026035
1674	0.010065
1675	-0.005760
1676	-0.021361
1677	-0.036661
1678	-0.051586
1679	-0.066067
1680	-0.080036
1681	-0.093431
1682	-0.106194
1683	-0.118270
1684	-0.129612
1685	-0.140174
1686	-0.149918
1687	-0.158811
1688	-0.166825
1689	-0.173937
1690	-0.180130
1691	-0.185392
1692	-0.189718
1693	-0.193107
1694	-0.195562
1695	-0.197094
1696	-0.197716
1697	-0.197447
1698	-0.196312
1699	-0.194336
1700	-0.191552
1701	-0.187994
1702	-0.183701
1703	-0.178713
1704	-0.173075
1705	-0.166831
1706	-0.160030
1707	-0.152721
1708	-0.144954
1709	-0.136780
1710	-0.128250
1711	-0.119417
1712	-0.110332
1713	-0.101045
1714	-0.091607
1715	-0.082066
1716	-0.072469
1717	-0.062863
1718	-0.053292
1719	-0.043797
1720	-0.034417
1721	-0.025189
1722	-0.016149
1723	-0.007328
1724	0.001246
1725	0.009545
1726	0.017548
1727	0.025232
1728	0.032581
1729	0.039580
1730	0.046216
1731	0.052481
1732	0.058367
1733	0.063870
1734	0.068989
1735	0.073723
1736	0.078074
1737	0.082048
1738	0.085649
1739	0.088885
1740	0.091765
1741	0.094298
1742	0.096496
1743	0.098369
1744	0.099931
1745	0.101193
1746	0.102169
1747	0.102872
1748	0.103314
1749	0.103509
1750	0.103468
1751	0.103203
1752	0.102726
1753	0.102047
1754	0.101177
1755	0.100125
1756	0.098898
1757	0.097505
1758	0.095952
1759	0.094245
1760	0.092389
1761	0.090388
1762	0.088245
1763	0.085963
1764	0.083544
1765	0.080990
1766	0.078302
1767	0.075479
1768	0.072524
1769	0.069435
1770	0.066213
1771	0.062859
1772	0.059372
1773	0.055754
1774	0.052005
1775	0.048128
1776	0.044125
1777	0.039998
1778	0.035751
1779	0.031389
1780	0.026918
1781	0.022345
1782	0.017676
1783	0.012921
1784	0.008090
1785	0.003193
1786	-0.001756
1787	-0.006747
1788	-0.011763
1789	-0.016790
1790	-0.021811
1791	-0.026811
1792	-0.031770
1793	-0.036671
1794	-0.041495
1795	-0.046222
1796	-0.050833
1797	-0.055308
1798	-0.059628
1799	-0.063771
1800	-0.067720
1801	-0.071456
1802	-0.074959
1803	-0.078212
1804	-0.081200
1805	-0.083906
1806	-0.086316
1807	-0.088416
1808	-0.090197
1809	-0.091646
1810	-0.092757
1811	-0.093523
1812	-0.093939
1813	-0.094002
1814	-0.093712
1815	-0.093071
1816	-0.092081
1817	-0.090747
1818	-0.089079
1819	-0.087084
1820	-0.084775
1821	-0.082164
1822	-0.079266
1823	-0.076099
1824	-0.072681
1825	-0.069031
1826	-0.065170
1827	-0.061121
1828	-0.056908
1829	-0.052553
1830	-0.048083
1831	-0.043521
1832	-0.038894
1833	-0.034226
1834	-0.029544
1835	-0.024871
1836	-0.020234
1837	-0.015654
1838	-0.011156
1839	-0.006760
1840	-0.002487
1841	0.001643
1842	0.005614
1843	0.009410
1844	0.013016
1845	0.016421
1846	0.019616
1847	0.022591
1848	0.025342
1849	0.027864
1850	0.030157
1851	0.032222
1852	0.034060
1853	0.035677
1854	0.037081
1855	0.038279
1856	0.039283
1857	0.040105
1858	0.040760
1859	0.041261
1860	0.041626
1861	0.041873
1862	0.042020
1863	0.042085
1864	0.042088
1865	0.042049
1866	0.041987
1867	0.041921
1868	0.041871
1869	0.041853
1870	0.041886
1871	0.041985
1872	0.042164
1873	0.042438
1874	0.042816
1875	0.043309
1876	0.043924
1877	0.044666
1878	0.045538
1879	0.046540
1880	0.047672
1881	0.048928
1882	0.050301
1883	0.051783
1884	0.053362
1885	0.055023
1886	0.056750
1887	0.058523
1888	0.060323
1889	0.062127
1890	0.063909
1891	0.065643
1892	0.067302
1893	0.068858
1894	0.070279
1895	0.071537
1896	0.072600
1897	0.073438
1898	0.074020
1899	0.074316
1900	0.074297
1901	0.073935
1902	0.073203
1903	0.072076
1904	0.070532
1905	0.068550
1906	0.066112
1907	0.063203
1908	0.059811
1909	0.055926
1910	0.051545
1911	0.046665
1912	0.041288
1913	0.035422
1914	0.029074
1915	0.022261
1916	0.015001
1917	0.007316
1918	-0.000768
1919	-0.009220
1920	-0.018004
1921	-0.027084
1922	-0.036417
1923	-0.045957
1924	-0.055657
1925	-0.065465
1926	-0.075327
1927	-0.085186
1928	-0.094985
1929	-0.104663
1930	-0.114160
1931	-0.123414
1932	-0.132361
1933	-0.140941
1934	-0.149091
1935	-0.156750
1936	-0.163859
1937	-0.170361
1938	-0.176199
1939	-0.181321
1940	-0.185677
1941	-0.189222
1942	-0.191912
1943	-0.193710
1944	-0.194583
1945	-0.194502
1946	-0.193443
1947	-0.191390
1948	-0.188330
1949	-0.184258
1950	-0.179172
1951	-0.173080
1952	-0.165993
1953	-0.157931
1954	-0.148918
1955	-0.138985
1956	-0.128171
1957	-0.116517
1958	-0.104074
1959	-0.090895
1960	-0.077041
1961	-0.062576
1962	-0.047571
1963	-0.032098
1964	-0.016236
1965	-0.000065
1966	0.016330
1967	0.032864
1968	0.049446
1969	0.065989
1970	0.082401
1971	0.098590
1972	0.114467
1973	0.129942
1974	0.144926
1975	0.159333
1976	0.173078
1977	0.186081
1978	0.198264
1979	0.209555
1980	0.219885
1981	0.229191
1982	0.237413
1983	0.244501
1984	0.250408
1985	0.255095
1986	0.258530
1987	0.260686
1988	0.261546
1989	0.261099
1990	0.259342
1991	0.256278
1992	0.251921
1993	0.246288
1994	0.239407
1995	0.231311
1996	0.222042
1997	0.211648
1998	0.200183
1999	0.187707
