T	S1
0	0.196676
1	0.183857
2	0.170122
3	0.155548
4	0.140212
5	0.124197
6	0.107592
7	0.090487
8	0.072973
9	0.055148
10	0.037107
11	0.018948
12	0.000769
13	-0.017333
14	-0.035260
15	-0.052917
16	-0.070212
17	-0.087052
18	-0.103351
19	-0.119025
20	-0.133994
21	-0.148183
22	-0.161522
23	-0.043583
24	-0.028135
25	-0.017343
26	-0.011927
27	-0.012380
28	-0.018951
29	-0.031634
30	-0.050164
31	-0.074032
32	-0.102499
33	-0.134621
34	-0.169289
35	-0.205264
36	-0.241222
37	-0.275808
38	-0.307679
39	-0.335558
40	-0.358280
41	-0.374834
42	-0.384403
43	-0.386396
44	-0.380466
45	-0.366531
46	-0.344775
47	-0.315645
48	-0.279833
49	-0.238262
50	-0.192045
51	-0.142455
52	-0.090874
53	-0.038752
54	0.012444
55	0.061287
56	0.106432
57	0.146664
58	0.180943
59	0.208437
60	0.228551
61	0.240943
62	0.245542
63	0.242541
64	0.232395
65	0.215797
66	0.193659
67	0.167071
68	0.137263
69	0.105563
70	0.073344
71	0.041976
72	0.012775
73	-0.013042
74	-0.034407
75	-0.050431
76	-0.060443
77	-0.064012
78	-0.060960
79	-0.051370
80	-0.035581
81	-0.014176
82	0.012040
83	0.042071
84	0.074767
85	0.108865
86	0.143037
87	0.175941
88	0.206268
89	0.232790
90	0.254410
91	0.270197
92	0.279428
93	0.281607
94	0.276491
95	0.264099
96	0.244707
97	0.218847
98	0.187283
99	0.150987
100	0.111103
101	0.068910
102	0.025772
103	-0.016907
104	-0.057735
105	-0.095381
106	-0.128624
107	-0.156394
108	-0.177814
109	-0.192227
110	-0.199226
111	-0.198662
112	-0.190654
113	-0.175582
114	-0.154076
115	-0.126992
116	-0.095381
117	-0.217267
118	0.435467
119	0.886835
120	0.953328
121	0.620466
122	0.048613
123	-0.498109
124	-0.768511
125	-0.635267
126	-0.151259
127	0.473467
128	0.963997
129	1.101507
130	0.819629
131	0.233856
132	-0.408991
133	-0.838993
134	-0.881456
135	-0.533271
136	0.036251
137	0.560445
138	0.793178
139	0.617692
140	0.098469
141	-0.546711
142	-1.042237
143	-1.175671
144	-0.891052
145	-0.313454
146	0.306019
147	0.700572
148	0.704883
149	0.327507
150	-0.253288
151	-0.768440
152	-0.977000
153	-0.772698
154	-0.231255
155	0.422399
156	0.912590
157	1.033751
158	0.740490
159	0.167257
160	-0.431023
161	-0.791229
162	-0.757829
163	-0.351210
164	0.241495
165	0.749051
166	0.935849
167	0.706035
168	0.146194
169	-0.512202
170	-0.994089
171	-1.101287
172	-0.799170
173	-0.231412
174	0.343654
175	0.667064
176	0.593428
177	0.155068
178	-0.452148
179	-0.955040
180	-1.123479
181	-0.871902
182	-0.297309
183	0.362990
184	0.835308
185	0.929468
186	0.621921
187	0.065539
188	-0.478216
189	-0.754858
190	-0.629334
191	-0.145853
192	0.491243
193	1.007165
194	1.177465
195	0.926771
196	0.362044
197	-0.274298
198	-0.710763
199	-0.765874
200	-0.427577
201	0.141955
202	0.678216
203	0.931310
204	0.776464
205	0.269460
206	-0.377424
207	-0.888387
208	-1.045111
209	-0.782557
210	-0.217415
211	0.403306
212	0.810927
213	0.833174
214	0.469739
215	-0.107922
216	-0.632443
217	-0.858673
218	-0.672069
219	-0.139646
220	0.518954
221	1.027566
222	1.174505
223	0.905257
224	0.346072
225	-0.251897
226	-0.623319
227	-0.605548
228	-0.210202
229	0.382053
230	0.901197
231	1.106965
232	0.894952
233	0.343003
234	-0.322532
235	-0.825851
236	-0.962501
237	-0.688776
238	-0.140421
239	0.427593
240	0.753695
241	0.685159
242	0.245581
243	-0.375340
244	-0.905207
245	-1.108823
246	-0.891834
247	-0.342487
248	0.306860
249	0.781565
250	0.885069
251	0.584864
252	0.026243
253	-0.532189
254	-0.832849
255	-0.733031
256	-0.268156
257	0.363421
258	0.887386
259	1.073953
260	0.838864
261	0.280460
262	-0.363487
263	-0.820194
264	-0.901590
265	-0.586685
266	-0.030342
267	0.505380
268	0.767091
269	0.622138
270	0.117547
271	-0.540128
272	-1.075181
273	-1.263628
274	-1.031393
275	-0.486621
276	0.128089
277	0.542512
278	0.577672
279	0.224459
280	-0.352597
281	-0.888045
282	-1.132726
283	-0.963877
284	-0.439664
285	0.225864
286	0.756402
287	0.934430
288	0.696408
289	0.160276
290	-0.426841
291	-0.797688
292	-0.782696
293	-0.384727
294	0.222175
295	0.769442
296	1.012349
297	0.837973
298	0.315249
299	-0.334935
300	-0.021593
301	-0.047436
302	-0.071420
303	-0.092279
304	-0.108852
305	-0.120131
306	-0.125296
307	-0.123749
308	-0.115136
309	-0.099361
310	-0.076595
311	-0.047268
312	-0.012058
313	0.028132
314	0.072205
315	0.118907
316	0.166870
317	0.214661
318	0.260832
319	0.303966
320	0.342735
321	0.375936
322	0.402544
323	0.421738
324	0.432936
325	0.435812
326	0.430308
327	0.416634
328	0.395262
329	0.366907
330	0.332503
331	0.293165
332	0.250156
333	0.204833
334	0.158606
335	0.112884
336	0.069027
337	0.028298
338	-0.008186
339	-0.039485
340	-0.064874
341	-0.083864
342	-0.096221
343	-0.101971
344	-0.101392
345	-0.095012
346	-0.083576
347	-0.068024
348	-0.049453
349	-0.029072
350	-0.008158
351	0.011992
352	0.030116
353	0.045028
354	0.055668
355	0.061144
356	0.060764
357	0.054063
358	0.040828
359	0.021100
360	-0.004817
361	-0.036373
362	-0.072783
363	-0.113057
364	-0.156032
365	-0.200417
366	-0.244831
367	-0.287859
368	-0.328099
369	-0.364211
370	-0.394965
371	-0.419289
372	-0.436302
373	-0.445351
374	-0.446031
375	-0.438203
376	-0.422000
377	-0.397819
378	-0.366314
379	-0.328368
380	-0.285067
381	-0.237660
382	-0.187517
383	-0.136081
384	-0.084819
385	-0.035168
386	0.011510
387	0.053976
388	0.091159
389	0.122189
390	0.146428
391	0.163487
392	0.173240
393	0.175827
394	0.171644
395	0.161326
396	0.145722
397	0.125863
398	0.102921
399	0.078164
400	0.052911
401	0.028478
402	0.006130
403	-0.012963
404	-0.027776
405	-0.037462
406	-0.041386
407	-0.039151
408	-0.030610
409	-0.015874
410	0.004694
411	0.030488
412	0.060682
413	0.094264
414	0.130067
415	0.166814
416	0.203165
417	0.237767
418	0.269302
419	0.296537
420	0.162748
421	0.156620
422	0.149837
423	0.142457
424	0.134545
425	0.126164
426	0.117380
427	0.108260
428	0.098873
429	0.089287
430	0.079569
431	0.069787
432	0.060006
433	0.050290
434	0.040702
435	0.031300
436	0.022140
437	0.013277
438	0.004758
439	-0.003370
440	-0.011066
441	-0.018293
442	-0.025020
443	-0.031219
444	-0.036867
445	-0.041947
446	-0.046446
447	-0.050357
448	-0.053678
449	-0.056410
450	-0.058560
451	-0.060141
452	-0.061168
453	-0.061661
454	-0.061646
455	-0.061149
456	-0.060202
457	-0.058839
458	-0.057097
459	-0.055016
460	-0.052636
461	-0.050001
462	-0.047154
463	-0.044140
464	-0.041004
465	-0.037791
466	-0.034546
467	-0.031312
468	-0.028132
469	-0.025048
470	-0.022097
471	-0.019317
472	-0.016742
473	-0.014405
474	-0.012333
475	-0.010551
476	-0.009081
477	-0.007942
478	-0.007148
479	-0.006710
480	-0.006633
481	-0.006920
482	-0.007571
483	-0.008580
484	-0.009938
485	-0.011632
486	-0.013646
487	-0.015959
488	-0.018550
489	-0.021391
490	-0.024453
491	-0.027706
492	-0.031116
493	-0.034646
494	-0.038260
495	-0.041919
496	-0.045583
497	-0.049212
498	-0.052766
499	-0.056204
500	-0.059486
501	-0.062574
502	-0.065428
503	-0.068013
504	-0.070292
505	-0.072234
506	-0.073807
507	-0.074984
508	-0.075740
509	-0.076051
510	-0.075900
511	-0.075270
512	-0.074150
513	-0.072530
514	-0.070408
515	-0.067781
516	-0.064652
517	-0.061028
518	-0.056921
519	-0.052343
520	-0.047312
521	-0.041850
522	-0.035982
523	-0.029735
524	-0.023140
525	-0.016230
526	-0.009041
527	-0.001612
528	0.006017
529	0.013804
530	0.021706
531	0.029678
532	0.037676
533	0.045652
534	0.053562
535	0.061359
536	0.068998
537	0.076434
538	0.083625
539	0.090526
540	0.097099
541	0.103304
542	0.109105
543	0.114467
544	0.119359
545	0.123751
546	0.127619
547	0.130939
548	0.133690
549	0.135858
550	0.137429
551	0.138393
552	0.138744
553	0.138480
554	0.137600
555	0.136110
556	0.134017
557	0.131330
558	0.128065
559	0.124238
560	0.119868
561	0.114978
562	0.109593
563	0.103739
564	0.097445
565	0.090743
566	0.083666
567	0.076248
568	0.068523
569	0.060529
570	0.052302
571	0.043881
572	0.035302
573	0.026605
574	0.017826
575	0.009004
576	0.000175
577	-0.008624
578	-0.017359
579	-0.025995
580	-0.034498
581	-0.042839
582	-0.050986
583	-0.058910
584	-0.066586
585	-0.073988
586	-0.081092
587	-0.087877
588	-0.094324
589	-0.100415
590	-0.106133
591	-0.111466
592	-0.116400
593	-0.120925
594	-0.125033
595	-0.128715
596	-0.131968
597	-0.134787
598	-0.137169
599	-0.139113
600	-0.140619
601	-0.141688
602	-0.142322
603	-0.142525
604	-0.142301
605	-0.141654
606	-0.140590
607	-0.139115
608	-0.137236
609	-0.134959
610	-0.132293
611	-0.129245
612	-0.125824
613	-0.122038
614	-0.117897
615	-0.113408
616	-0.108583
617	-0.103430
618	-0.097959
619	-0.092181
620	-0.086107
621	-0.079748
622	-0.073115
623	-0.066220
624	-0.059076
625	-0.051696
626	-0.044095
627	-0.036286
628	-0.028286
629	-0.020110
630	-0.011776
631	-0.003302
632	0.005292
633	0.013987
634	0.022760
635	0.031589
636	0.040451
637	0.049320
638	0.058170
639	0.066974
640	0.075703
641	0.084329
642	0.092821
643	0.101148
644	0.109277
645	0.117176
646	0.124811
647	0.132149
648	0.139155
649	0.145795
650	0.152036
651	0.157843
652	0.163183
653	0.168022
654	0.172329
655	0.176074
656	0.179226
657	0.181758
658	0.183643
659	0.184858
660	0.185380
661	0.185191
662	0.184272
663	0.182611
664	0.180198
665	0.177023
666	0.173085
667	0.168381
668	0.162916
669	0.156697
670	0.149735
671	0.142045
672	0.133648
673	0.124565
674	0.114824
675	0.104458
676	0.093502
677	0.081994
678	0.069979
679	0.057502
680	0.044615
681	0.031371
682	0.017826
683	0.004039
684	-0.009927
685	-0.024008
686	-0.038140
687	-0.052253
688	-0.066281
689	-0.080154
690	-0.093802
691	-0.107155
692	-0.120144
693	-0.132702
694	-0.144760
695	-0.156254
696	-0.167120
697	-0.177297
698	-0.186728
699	-0.195358
700	-0.203136
701	-0.210015
702	-0.215952
703	-0.220911
704	-0.224857
705	-0.227764
706	-0.229609
707	-0.230375
708	-0.230052
709	-0.228635
710	-0.226124
711	-0.222529
712	-0.217861
713	-0.212140
714	-0.205392
715	-0.197648
716	-0.188945
717	-0.179326
718	-0.168839
719	-0.157538
720	-0.145479
721	-0.132727
722	-0.119347
723	-0.105410
724	-0.090990
725	-0.076163
726	-0.061009
727	-0.045609
728	-0.030045
729	-0.014401
730	0.001239
731	0.016791
732	0.032171
733	0.047297
734	0.062088
735	0.076466
736	0.090354
737	0.103679
738	0.116372
739	0.128367
740	0.139603
741	0.150023
742	0.159576
743	0.168216
744	0.175902
745	0.182601
746	0.188283
747	0.192927
748	0.196517
749	0.199045
750	0.200507
751	0.200907
752	0.200256
753	0.198571
754	0.195874
755	0.192195
756	0.187567
757	0.182032
758	0.175635
759	0.168426
760	0.160461
761	0.151798
762	0.142500
763	0.132633
764	0.122266
765	0.111471
766	0.100320
767	0.088887
768	0.077248
769	0.065479
770	0.053653
771	0.041845
772	0.030129
773	0.018576
774	0.007255
775	-0.003768
776	-0.014430
777	-0.024671
778	-0.034435
779	-0.043671
780	-0.052331
781	-0.060375
782	-0.067764
783	-0.074468
784	-0.080461
785	-0.085722
786	-0.090236
787	-0.093994
788	-0.096994
789	-0.099237
790	-0.100732
791	-0.101492
792	-0.101536
793	-0.100888
794	-0.099577
795	-0.097635
796	-0.095101
797	-0.092015
798	-0.088424
799	-0.084374
800	-0.079917
801	-0.075105
802	-0.069994
803	-0.064640
804	-0.059100
805	-0.053432
806	-0.047693
807	-0.041940
808	-0.036229
809	-0.030616
810	-0.025153
811	-0.019890
812	-0.014876
813	-0.010155
814	-0.005769
815	-0.001755
816	0.001852
817	0.005024
818	0.007734
819	0.009964
820	0.011696
821	0.012922
822	0.013633
823	0.013831
824	0.013519
825	0.012706
826	0.011406
827	0.009638
828	0.007425
829	0.004794
830	0.001776
831	-0.001592
832	-0.005273
833	-0.009225
834	-0.013402
835	-0.017758
836	-0.022245
837	-0.026810
838	-0.031404
839	-0.035972
840	-0.040463
841	-0.044824
842	-0.049003
843	-0.052949
844	-0.056612
845	-0.059945
846	-0.062904
847	-0.065445
848	-0.067528
849	-0.069119
850	-0.070184
851	-0.070696
852	-0.070629
853	-0.069966
854	-0.068690
855	-0.066791
856	-0.064266
857	-0.061113
858	-0.057337
859	-0.052949
860	-0.047963
861	-0.042400
862	-0.036284
863	-0.029645
864	-0.022517
865	-0.014938
866	-0.006950
867	0.001401
868	0.010065
869	0.018991
870	0.028122
871	0.037402
872	0.046771
873	0.056169
874	0.065533
875	0.074801
876	0.083911
877	0.092800
878	0.101406
879	0.109669
880	0.117530
881	0.124932
882	0.131821
883	0.138144
884	0.143854
885	0.148906
886	0.153257
887	0.156872
888	0.159718
889	0.161766
890	0.162994
891	0.163383
892	0.162921
893	0.161599
894	0.159416
895	0.156375
896	0.152482
897	0.147753
898	0.142206
899	0.135864
900	0.128756
901	0.120916
902	0.112380
903	0.103192
904	0.093398
905	0.083046
906	0.072191
907	0.060888
908	0.049196
909	0.037176
910	0.024891
911	0.012406
912	-0.000214
913	-0.012904
914	-0.025596
915	-0.038225
916	-0.050724
917	-0.063030
918	-0.075078
919	-0.086807
920	-0.098157
921	-0.109071
922	-0.119495
923	-0.129378
924	-0.138670
925	-0.147328
926	-0.155310
927	-0.162580
928	-0.169105
929	-0.174857
930	-0.179812
931	-0.183950
932	-0.187256
933	-0.189719
934	-0.191335
935	-0.192100
936	-0.192019
937	-0.191097
938	-0.189348
939	-0.186787
940	-0.183432
941	-0.179308
942	-0.174441
943	-0.168861
944	-0.162601
945	-0.155696
946	-0.148187
947	-0.140112
948	-0.131515
949	-0.122440
950	-0.112933
951	-0.103041
952	-0.092812
953	-0.082293
954	-0.071534
955	-0.060584
956	-0.049490
957	-0.038301
958	-0.027065
959	-0.015826
960	-0.004631
961	0.006477
962	0.017455
963	0.028263
964	0.038861
965	0.049213
966	0.059284
967	0.069042
968	0.078454
969	0.087494
970	0.096135
971	0.104354
972	0.112127
973	0.119438
974	0.126267
975	0.132602
976	0.138428
977	0.143735
978	0.148515
979	0.152761
980	0.156468
981	0.159633
982	0.162255
983	0.164334
984	0.165872
985	0.166871
986	0.167336
987	0.167273
988	0.166687
989	0.165586
990	0.163979
991	0.161876
992	0.159285
993	0.156219
994	0.152687
995	0.148703
996	0.144280
997	0.139429
998	0.134166
999	0.128504
1000	0.122459
1001	0.116045
1002	0.109278
1003	0.102176
1004	0.094755
1005	0.087033
1006	0.079029
1007	0.070760
1008	0.062248
1009	0.053513
1010	0.044575
1011	0.035458
1012	0.026183
1013	0.016776
1014	0.007260
1015	-0.002339
1016	-0.011995
1017	-0.021679
1018	-0.031365
1019	-0.041022
1020	-0.050622
1021	-0.060133
1022	-0.069524
1023	-0.078764
1024	-0.087819
1025	-0.096658
1026	-0.105246
1027	-0.113551
1028	-0.121539
1029	-0.129177
1030	-0.136431
1031	-0.143269
1032	-0.149660
1033	-0.155570
1034	-0.160971
1035	-0.165833
1036	-0.170128
1037	-0.173830
1038	-0.176914
1039	-0.179357
1040	-0.181139
1041	-0.182243
1042	-0.182651
1043	-0.182352
1044	-0.181336
1045	-0.179594
1046	-0.177124
1047	-0.173924
1048	-0.169999
1049	-0.165353
1050	-0.159996
1051	-0.153943
1052	-0.147210
1053	-0.139819
1054	-0.131793
1055	-0.123160
1056	-0.113952
1057	-0.104204
1058	-0.093955
1059	-0.083245
1060	-0.072119
1061	-0.060625
1062	-0.048813
1063	-0.036734
1064	-0.024444
1065	-0.011999
1066	0.000544
1067	0.013125
1068	0.025684
1069	0.038160
1070	0.050493
1071	0.062621
1072	0.074483
1073	0.086021
1074	0.097175
1075	0.107890
1076	0.118109
1077	0.127779
1078	0.136852
1079	0.145279
1080	0.153016
1081	0.160023
1082	0.166264
1083	0.171705
1084	0.176318
1085	0.180080
1086	0.182971
1087	0.184977
1088	0.186089
1089	0.186302
1090	0.185619
1091	0.184043
1092	0.181587
1093	0.178268
1094	0.174105
1095	0.169126
1096	0.163361
1097	0.156846
1098	0.149621
1099	0.141729
1100	0.133218
1101	0.124140
1102	0.114550
1103	0.104504
1104	0.094063
1105	0.083288
1106	0.072244
1107	0.060996
1108	0.049609
1109	0.038151
1110	0.026687
1111	0.015284
1112	0.004006
1113	-0.007082
1114	-0.017919
1115	-0.028443
1116	-0.038598
1117	-0.048330
1118	-0.057586
1119	-0.066320
1120	-0.074487
1121	-0.082048
1122	-0.088967
1123	-0.095214
1124	-0.100764
1125	-0.105595
1126	-0.109693
1127	-0.113046
1128	-0.115650
1129	-0.117506
1130	-0.118617
1131	-0.118995
1132	-0.118656
1133	-0.117619
1134	-0.115910
1135	-0.113558
1136	-0.110597
1137	-0.107065
1138	-0.103003
1139	-0.098455
1140	-0.093470
1141	-0.088097
1142	-0.082389
1143	-0.076400
1144	-0.070184
1145	-0.063798
1146	-0.057298
1147	-0.050742
1148	-0.044185
1149	-0.037682
1150	-0.031287
1151	-0.025053
1152	-0.019028
1153	-0.013261
1154	-0.007796
1155	-0.002674
1156	0.002068
1157	0.006395
1158	0.010278
1159	0.013692
1160	0.016617
1161	0.019035
1162	0.020936
1163	0.022314
1164	0.023166
1165	0.023498
1166	0.023316
1167	0.022634
1168	0.021471
1169	0.019847
1170	0.017791
1171	0.015332
1172	0.012506
1173	0.009350
1174	0.005906
1175	0.002218
1176	-0.001667
1177	-0.005701
1178	-0.009833
1179	-0.014012
1180	-0.018185
1181	-0.022298
1182	-0.026300
1183	-0.030138
1184	-0.033762
1185	-0.037120
1186	-0.040166
1187	-0.042853
1188	-0.045139
1189	-0.046985
1190	-0.048353
1191	-0.049212
1192	-0.049533
1193	-0.049292
1194	-0.048469
1195	-0.047051
1196	-0.045027
1197	-0.042393
1198	-0.039150
1199	-0.035305
1200	-0.030868
1201	-0.025857
1202	-0.020293
1203	-0.014203
1204	-0.007620
1205	-0.000580
1206	0.006875
1207	0.014701
1208	0.022848
1209	0.031262
1210	0.039888
1211	0.048666
1212	0.057535
1213	0.066431
1214	0.075290
1215	0.084045
1216	0.092629
1217	0.100976
1218	0.109020
1219	0.116694
1220	0.123936
1221	0.130682
1222	0.136874
1223	0.142454
1224	0.147369
1225	0.151568
1226	0.155007
1227	0.157643
1228	0.159441
1229	0.160368
1230	0.160400
1231	0.159515
1232	0.157700
1233	0.154946
1234	0.151251
1235	0.146619
1236	0.141060
1237	0.134590
1238	0.127232
1239	0.119015
1240	0.109974
1241	0.100148
1242	0.089584
1243	0.078332
1244	0.066450
1245	0.053996
1246	0.041037
1247	0.027640
1248	0.013879
1249	-0.000173
1250	-0.014436
1251	-0.028833
1252	-0.043281
1253	-0.057699
1254	-0.072005
1255	-0.086116
1256	-0.099950
1257	-0.113427
1258	-0.126469
1259	-0.138998
1260	-0.150940
1261	-0.162225
1262	-0.172786
1263	-0.182559
1264	-0.191485
1265	-0.199511
1266	-0.206587
1267	-0.212670
1268	-0.217723
1269	-0.221714
1270	-0.224617
1271	-0.226413
1272	-0.227089
1273	-0.226639
1274	-0.225062
1275	-0.222366
1276	-0.218563
1277	-0.213672
1278	-0.207720
1279	-0.200737
1280	-0.192760
1281	-0.183833
1282	-0.174004
1283	-0.163325
1284	-0.151853
1285	-0.139652
1286	-0.126784
1287	-0.113321
1288	-0.099333
1289	-0.084895
1290	-0.070083
1291	-0.054974
1292	-0.039648
1293	-0.024185
1294	-0.008662
1295	0.006839
1296	0.022242
1297	0.037468
1298	0.052442
1299	0.067092
1300	0.081346
1301	0.095137
1302	0.108400
1303	0.121074
1304	0.133104
1305	0.144435
1306	0.155019
1307	0.164813
1308	0.173779
1309	0.181881
1310	0.189092
1311	0.195389
1312	0.200751
1313	0.205167
1314	0.208628
1315	0.211132
1316	0.212680
1317	0.213280
1318	0.212943
1319	0.211686
1320	0.209530
1321	0.206499
1322	0.202623
1323	0.197934
1324	0.192469
1325	0.186265
1326	0.179366
1327	0.171815
1328	0.163659
1329	0.154946
1330	0.145726
1331	0.136050
1332	0.125970
1333	0.115538
1334	0.104808
1335	0.093830
1336	0.082659
1337	0.071345
1338	0.059938
1339	0.048490
1340	0.037047
1341	0.025656
1342	0.014362
1343	0.003208
1344	-0.007766
1345	-0.018520
1346	-0.029019
1347	-0.039229
1348	-0.049118
1349	-0.058658
1350	-0.067823
1351	-0.076588
1352	-0.084934
1353	-0.092840
1354	-0.100292
1355	-0.107275
1356	-0.113778
1357	-0.119792
1358	-0.125310
1359	-0.130327
1360	-0.134840
1361	-0.138849
1362	-0.142352
1363	-0.145353
1364	-0.147856
1365	-0.149864
1366	-0.151384
1367	-0.152424
1368	-0.152990
1369	-0.153092
1370	-0.152739
1371	-0.151942
1372	-0.150711
1373	-0.149057
1374	-0.146991
1375	-0.144526
1376	-0.141672
1377	-0.138443
1378	-0.134851
1379	-0.130907
1380	-0.126625
1381	-0.122016
1382	-0.117095
1383	-0.111874
1384	-0.106365
1385	-0.100583
1386	-0.094540
1387	-0.088251
1388	-0.081729
1389	-0.074990
1390	-0.068048
1391	-0.060918
1392	-0.053617
1393	-0.046160
1394	-0.038566
1395	-0.030851
1396	-0.023034
1397	-0.015134
1398	-0.007172
1399	0.000833
1400	0.008859
1401	0.016883
1402	0.024883
1403	0.032836
1404	0.040716
1405	0.048500
1406	0.056162
1407	0.063676
1408	0.071016
1409	0.078155
1410	0.085068
1411	0.091726
1412	0.098104
1413	0.104176
1414	0.109914
1415	0.115295
1416	0.120293
1417	0.124884
1418	0.129046
1419	0.132757
1420	0.135996
1421	0.138745
1422	0.140987
1423	0.142707
1424	0.143892
1425	0.144530
1426	0.144613
1427	0.144135
1428	0.143091
1429	0.141482
1430	0.139308
1431	0.136574
1432	0.133288
1433	0.129459
1434	0.125100
1435	0.120228
1436	0.114861
1437	0.109020
1438	0.102731
1439	0.096019
1440	0.088915
1441	0.081450
1442	0.073659
1443	0.065577
1444	0.057243
1445	0.048696
1446	0.039979
1447	0.031132
1448	0.022200
1449	0.013228
1450	0.004259
1451	-0.004661
1452	-0.013487
1453	-0.022176
1454	-0.030683
1455	-0.038965
1456	-0.046982
1457	-0.054692
1458	-0.062058
1459	-0.069043
1460	-0.075613
1461	-0.081737
1462	-0.087386
1463	-0.092534
1464	-0.097159
1465	-0.101242
1466	-0.104765
1467	-0.107718
1468	-0.110091
1469	-0.111879
1470	-0.113081
1471	-0.113699
1472	-0.113740
1473	-0.113212
1474	-0.112131
1475	-0.110513
1476	-0.108377
1477	-0.105749
1478	-0.102654
1479	-0.099122
1480	-0.095186
1481	-0.090879
1482	-0.086240
1483	-0.081306
1484	-0.076117
1485	-0.070716
1486	-0.065145
1487	-0.059446
1488	-0.053663
1489	-0.047840
1490	-0.042019
1491	-0.036243
1492	-0.030552
1493	-0.024987
1494	-0.019585
1495	-0.014383
1496	-0.009415
1497	-0.004712
1498	-0.000303
1499	0.003786
1500	0.007534
1501	0.010921
1502	0.013932
1503	0.016554
1504	0.018779
1505	0.020604
1506	0.022026
1507	0.023051
1508	0.023684
1509	0.023936
1510	0.023821
1511	0.023358
1512	0.022567
1513	0.021473
1514	0.020102
1515	0.018486
1516	0.016655
1517	0.014645
1518	0.012491
1519	0.010232
1520	0.007906
1521	0.005554
1522	0.003214
1523	0.000929
1524	-0.001263
1525	-0.003321
1526	-0.005208
1527	-0.006886
1528	-0.008321
1529	-0.009478
1530	-0.010327
1531	-0.010841
1532	-0.010993
1533	-0.010763
1534	-0.010131
1535	-0.009084
1536	-0.007610
1537	-0.005703
1538	-0.003362
1539	-0.000587
1540	0.002614
1541	0.006231
1542	0.010249
1543	0.014649
1544	0.019406
1545	0.024493
1546	0.029879
1547	0.035527
1548	0.041398
1549	0.047452
1550	0.053641
1551	0.059919
1552	0.066234
1553	0.072536
1554	0.078770
1555	0.084880
1556	0.090813
1557	0.096511
1558	0.101919
1559	0.106982
1560	0.111645
1561	0.115857
1562	0.119565
1563	0.122722
1564	0.125282
1565	0.127204
1566	0.128447
1567	0.128977
1568	0.128765
1569	0.127782
1570	0.126010
1571	0.123431
1572	0.120036
1573	0.115819
1574	0.110780
1575	0.104927
1576	0.098272
1577	0.090832
1578	0.082632
1579	0.073702
1580	0.064077
1581	0.053797
1582	0.042910
1583	0.031466
1584	0.019521
1585	0.007136
1586	-0.005625
1587	-0.018692
1588	-0.031995
1589	-0.045459
1590	-0.059006
1591	-0.072558
1592	-0.086035
1593	-0.099355
1594	-0.112435
1595	-0.125196
1596	-0.137556
1597	-0.149435
1598	-0.160756
1599	-0.171444
1600	-0.181425
1601	-0.190631
1602	-0.198996
1603	-0.206460
1604	-0.212966
1605	-0.218464
1606	-0.222907
1607	-0.226256
1608	-0.228479
1609	-0.229547
1610	-0.229441
1611	-0.228148
1612	-0.225661
1613	-0.221981
1614	-0.217116
1615	-0.211082
1616	-0.203900
1617	-0.195600
1618	-0.186218
1619	-0.175797
1620	-0.164386
1621	-0.152041
1622	-0.138822
1623	-0.124796
1624	-0.110035
1625	-0.094616
1626	-0.078620
1627	-0.062129
1628	-0.045232
1629	-0.028020
1630	-0.010584
1631	0.006983
1632	0.024584
1633	0.042126
1634	0.059513
1635	0.076651
1636	0.093447
1637	0.109812
1638	0.125656
1639	0.140894
1640	0.155444
1641	0.169229
1642	0.182177
1643	0.194217
1644	0.205288
1645	0.215333
1646	0.224299
1647	0.232144
1648	0.238827
1649	0.244317
1650	0.248591
1651	0.251630
1652	0.253424
1653	0.253969
1654	0.253269
1655	0.251335
1656	0.248184
1657	0.243841
1658	0.238337
1659	0.231708
1660	0.223998
1661	0.215256
1662	0.205536
1663	0.194897
1664	0.183403
1665	0.171122
1666	0.158126
1667	0.144488
1668	0.130288
1669	0.115604
1670	0.100518
1671	0.085113
1672	0.069472
1673	0.053678
1674	0.037814
1675	0.021963
1676	0.006207
1677	-0.009377
1678	-0.024711
1679	-0.039720
1680	-0.054333
1681	-0.068483
1682	-0.082106
1683	-0.095140
1684	-0.107532
1685	-0.119230
1686	-0.130188
1687	-0.140365
1688	-0.149725
1689	-0.158237
1690	-0.165877
1691	-0.172625
1692	-0.178465
1693	-0.183390
1694	-0.187396
1695	-0.190483
1696	-0.192659
1697	-0.193934
1698	-0.194325
1699	-0.193851
1700	-0.192538
1701	-0.190415
1702	-0.187512
1703	-0.183866
1704	-0.179516
1705	-0.174501
1706	-0.168867
1707	-0.162658
1708	-0.155921
1709	-0.148705
1710	-0.141059
1711	-0.133033
1712	-0.124677
1713	-0.116041
1714	-0.107175
1715	-0.098128
1716	-0.088947
1717	-0.079680
1718	-0.070372
1719	-0.061065
1720	-0.051802
1721	-0.042622
1722	-0.033562
1723	-0.024656
1724	-0.015937
1725	-0.007433
1726	0.000827
1727	0.008821
1728	0.016527
1729	0.023927
1730	0.031004
1731	0.037747
1732	0.044144
1733	0.050188
1734	0.055873
1735	0.061197
1736	0.066157
1737	0.070755
1738	0.074993
1739	0.078877
1740	0.082413
1741	0.085607
1742	0.088468
1743	0.091006
1744	0.093230
1745	0.095153
1746	0.096785
1747	0.098137
1748	0.099222
1749	0.100052
1750	0.100636
1751	0.100988
1752	0.101117
1753	0.101034
1754	0.100749
1755	0.100270
1756	0.099605
1757	0.098763
1758	0.097749
1759	0.096569
1760	0.095229
1761	0.093732
1762	0.092082
1763	0.090281
1764	0.088332
1765	0.086236
1766	0.083993
1767	0.081604
1768	0.079069
1769	0.076388
1770	0.073561
1771	0.070587
1772	0.067466
1773	0.064198
1774	0.060783
1775	0.057223
1776	0.053518
1777	0.049671
1778	0.045683
1779	0.041560
1780	0.037304
1781	0.032923
1782	0.028421
1783	0.023807
1784	0.019089
1785	0.014278
1786	0.009383
1787	0.004418
1788	-0.000604
1789	-0.005670
1790	-0.010764
1791	-0.015868
1792	-0.020968
1793	-0.026043
1794	-0.031075
1795	-0.036046
1796	-0.040935
1797	-0.045722
1798	-0.050386
1799	-0.054908
1800	-0.059267
1801	-0.063443
1802	-0.067417
1803	-0.071168
1804	-0.074680
1805	-0.077934
1806	-0.080914
1807	-0.083605
1808	-0.085992
1809	-0.088064
1810	-0.089810
1811	-0.091219
1812	-0.092286
1813	-0.093003
1814	-0.093369
1815	-0.093380
1816	-0.093037
1817	-0.092343
1818	-0.091303
1819	-0.089922
1820	-0.088210
1821	-0.086176
1822	-0.083834
1823	-0.081197
1824	-0.078282
1825	-0.075107
1826	-0.071689
1827	-0.068051
1828	-0.064214
1829	-0.060200
1830	-0.056034
1831	-0.051739
1832	-0.047340
1833	-0.042863
1834	-0.038333
1835	-0.033776
1836	-0.029215
1837	-0.024676
1838	-0.020182
1839	-0.015757
1840	-0.011421
1841	-0.007197
1842	-0.003102
1843	0.000845
1844	0.004628
1845	0.008233
1846	0.011647
1847	0.014861
1848	0.017866
1849	0.020656
1850	0.023226
1851	0.025575
1852	0.027704
1853	0.029614
1854	0.031310
1855	0.032800
1856	0.034090
1857	0.035193
1858	0.036119
1859	0.036882
1860	0.037498
1861	0.037982
1862	0.038353
1863	0.038627
1864	0.038824
1865	0.038964
1866	0.039065
1867	0.039148
1868	0.039230
1869	0.039332
1870	0.039472
1871	0.039665
1872	0.039929
1873	0.040279
1874	0.040726
1875	0.041284
1876	0.041961
1877	0.042765
1878	0.043701
1879	0.044773
1880	0.045981
1881	0.047324
1882	0.048797
1883	0.050394
1884	0.052104
1885	0.053918
1886	0.055819
1887	0.057792
1888	0.059817
1889	0.061874
1890	0.063939
1891	0.065986
1892	0.067991
1893	0.069923
1894	0.071755
1895	0.073454
1896	0.074992
1897	0.076334
1898	0.077451
1899	0.078311
1900	0.078882
1901	0.079134
1902	0.079038
1903	0.078565
1904	0.077691
1905	0.076389
1906	0.074640
1907	0.072422
1908	0.069719
1909	0.066519
1910	0.062810
1911	0.058586
1912	0.053844
1913	0.048584
1914	0.042811
1915	0.036535
1916	0.029768
1917	0.022528
1918	0.014835
1919	0.006715
1920	-0.001802
1921	-0.010682
1922	-0.019888
1923	-0.029378
1924	-0.039108
1925	-0.049029
1926	-0.059090
1927	-0.069237
1928	-0.079413
1929	-0.089560
1930	-0.099617
1931	-0.109523
1932	-0.119213
1933	-0.128626
1934	-0.137698
1935	-0.146364
1936	-0.154563
1937	-0.162233
1938	-0.169314
1939	-0.175750
1940	-0.181483
1941	-0.186463
1942	-0.190641
1943	-0.193972
1944	-0.196414
1945	-0.197932
1946	-0.198493
1947	-0.198073
1948	-0.196650
1949	-0.194208
1950	-0.190739
1951	-0.186240
1952	-0.180713
1953	-0.174168
1954	-0.166620
1955	-0.158092
1956	-0.148613
1957	-0.138215
1958	-0.126941
1959	-0.114837
1960	-0.101956
1961	-0.088354
1962	-0.074095
1963	-0.059248
1964	-0.043883
1965	-0.028079
1966	-0.011914
1967	0.004527
1968	0.021159
1969	0.037893
1970	0.054639
1971	0.071307
1972	0.087805
1973	0.104041
1974	0.119924
1975	0.135364
1976	0.150273
1977	0.164565
1978	0.178157
1979	0.190970
1980	0.202926
1981	0.213955
1982	0.223991
1983	0.232971
1984	0.240841
1985	0.247550
1986	0.253056
1987	0.257322
1988	0.260319
1989	0.262025
1990	0.262425
1991	0.261511
1992	0.259284
1993	0.255751
1994	0.250928
1995	0.244838
1996	0.237510
1997	0.228982
1998	0.219299
1999	0.208511
