T	S1
0	0.182515
1	0.168723
2	0.154093
3	0.138702
4	0.122635
5	0.105980
6	0.088825
7	0.071265
8	0.053395
9	0.035311
10	0.017111
11	-0.001106
12	-0.019242
13	-0.037202
14	-0.054889
15	-0.072209
16	-0.089072
17	-0.105389
18	-0.121078
19	-0.136057
20	-0.150251
21	-0.163590
22	-0.176009
23	-0.187449
24	-0.197857
25	-0.207185
26	-0.215395
27	-0.222454
28	-0.228334
29	-0.233017
30	-0.236492
31	-0.238753
32	-0.239802
33	-0.239649
34	-0.238311
35	-0.235809
36	-0.232174
37	-0.227441
38	-0.221651
39	-0.214851
40	-0.207095
41	-0.198439
42	-0.188944
43	-0.178675
44	-0.167703
45	-0.156099
46	-0.143937
47	-0.131294
48	-0.118248
49	-0.104877
50	-0.091261
51	-0.077478
52	-0.063609
53	-0.049730
54	-0.035916
55	-0.022243
56	-0.008781
57	0.004401
58	0.017237
59	0.029666
60	0.041630
61	0.053076
62	0.063954
63	0.074221
64	0.083837
65	0.092767
66	0.100984
67	0.108462
68	0.115184
69	0.121136
70	0.126310
71	0.130703
72	0.134318
73	0.137162
74	0.139246
75	0.140587
76	0.141205
77	0.141126
78	0.140377
79	0.138990
80	0.137000
81	0.134445
82	0.131364
83	0.127799
84	0.123793
85	0.119393
86	0.114642
87	0.109588
88	0.104277
89	0.098755
90	0.093066
91	0.087257
92	0.081370
93	0.075448
94	0.069529
95	0.063653
96	0.057855
97	0.052167
98	-0.224884
99	0.204451
100	0.187751
101	-0.243472
102	0.076248
103	0.259822
104	-0.206918
105	-0.059373
106	0.288243
107	-0.124558
108	-0.178413
109	0.265385
110	-0.014367
111	-0.259846
112	0.193771
113	0.100551
114	-0.289662
115	-0.175968
116	-0.463468
117	-0.328887
118	0.587943
119	0.629644
120	-0.629037
121	-0.753566
122	0.406080
123	0.589206
124	-0.066020
125	-0.363795
126	-0.426030
127	0.047274
128	0.760176
129	0.125679
130	-0.942795
131	-0.295905
132	0.733294
133	0.408455
134	-0.625859
135	-0.102380
136	-0.429540
137	0.378207
138	0.832522
139	-0.749828
140	-0.908743
141	0.260662
142	0.758278
143	-0.109297
144	-0.534950
145	-0.311160
146	0.031945
147	0.543329
148	0.222171
149	-0.853521
150	-0.546181
151	0.696219
152	0.465169
153	-0.519524
154	-0.519126
155	-0.103484
156	0.255050
157	0.466813
158	-0.276433
159	-0.952254
160	0.011592
161	0.849361
162	-0.025853
163	-0.743582
164	-0.304318
165	0.137290
166	0.361731
167	0.201701
168	-0.667425
169	-0.687285
170	0.560660
171	0.671289
172	-0.513457
173	-0.678588
174	0.037486
175	0.322551
176	0.321652
177	-0.134626
178	-0.791478
179	-0.155022
180	0.896409
181	0.236554
182	-0.801228
183	-0.340302
184	0.375364
185	0.379789
186	0.157603
187	-0.405946
188	-0.601941
189	0.438262
190	0.889885
191	-0.287355
192	-0.775548
193	0.141055
194	0.571769
195	0.283564
196	-0.063035
197	-0.508797
198	-0.178568
199	0.860619
200	0.541877
201	-0.699822
202	-0.445431
203	0.576188
204	0.543701
205	0.072040
206	-0.250359
207	-0.406476
208	0.311230
209	0.950510
210	-0.011520
211	-0.838980
212	0.065419
213	0.795706
214	0.301709
215	-0.164270
216	-0.324972
217	-0.139008
218	0.681223
219	0.680849
220	-0.550433
221	-0.644021
222	0.565732
223	0.716341
224	-0.054360
225	-0.321596
226	-0.252600
227	0.190768
228	0.795029
229	0.163942
230	-0.861606
231	-0.184834
232	0.864513
233	0.368405
234	-0.380806
235	-0.332424
236	-0.064295
237	0.451720
238	0.611210
239	-0.400247
240	-0.828029
241	0.357735
242	0.838869
243	-0.120842
244	-0.552838
245	-0.198813
246	0.152315
247	0.532405
248	0.194544
249	-0.804958
250	-0.476029
251	0.760490
252	0.482160
253	-0.575428
254	-0.513567
255	0.010007
256	0.292268
257	0.388424
258	-0.305921
259	-0.911116
260	0.041683
261	0.851516
262	-0.084541
263	-0.830708
264	-0.288900
265	0.194910
266	0.286075
267	0.069076
268	-0.705240
269	-0.689619
270	0.516517
271	0.588093
272	-0.647596
273	-0.787509
274	0.031893
275	0.277457
276	0.137592
277	-0.294286
278	-0.846103
279	-0.223533
280	0.772173
281	0.079995
282	-0.977858
283	-0.447518
284	0.334357
285	0.235124
286	-0.076257
287	-0.540799
288	-0.660079
289	0.323276
290	0.729781
291	-0.456860
292	-0.925079
293	0.079756
294	0.517061
295	0.103508
296	-0.246043
297	-0.553912
298	-0.203679
299	0.758704
300	0.198722
301	-0.244657
302	0.010390
303	0.301225
304	-0.132163
305	-0.069338
306	0.353557
307	0.015858
308	-0.123735
309	0.351426
310	0.176573
311	-0.136602
312	0.300824
313	0.324367
314	-0.100173
315	0.216613
316	0.435543
317	-0.016876
318	0.119402
319	0.492652
320	0.100899
321	0.031332
322	0.487642
323	0.232986
324	-0.028396
325	0.423234
326	0.355171
327	-0.047388
328	0.312262
329	0.443755
330	-0.022540
331	0.175119
332	0.480085
333	0.039327
334	0.035809
335	0.454173
336	0.122828
337	-0.082627
338	0.366710
339	0.207096
340	-0.162432
341	0.229094
342	0.269990
343	-0.194367
344	0.061438
345	0.292610
346	-0.179241
347	-0.111042
348	0.263238
349	-0.127456
350	-0.262589
351	0.179922
352	-0.056664
353	-0.371542
354	0.051195
355	0.011987
356	-0.424180
357	-0.105227
358	0.058280
359	-0.417036
360	-0.265541
361	0.067161
362	-0.357255
363	-0.404160
364	0.031922
365	-0.260954
366	-0.498410
367	-0.044270
368	-0.149896
369	-0.532730
370	-0.148826
371	-0.047148
372	-0.501561
373	-0.262077
374	0.027436
375	-0.410389
376	-0.361071
377	0.061033
378	-0.274731
379	-0.424080
380	0.050233
381	-0.117254
382	-0.434939
383	0.001529
384	0.036406
385	-0.386390
386	-0.070173
387	0.162355
388	-0.281748
389	-0.144716
390	0.242756
391	-0.134567
392	-0.200901
393	0.268956
394	0.033650
395	-0.220918
396	0.242826
397	0.197271
398	-0.194115
399	0.176071
400	0.331174
401	-0.119369
402	0.087670
403	0.415312
404	-0.005576
405	-0.000051
406	0.438342
407	0.129845
408	-0.065936
409	0.399637
410	0.264153
411	-0.094230
412	0.309286
413	0.373585
414	-0.077700
415	0.186093
416	0.437919
417	-0.019028
418	0.053966
419	0.444426
420	0.158617
421	0.151719
422	0.144215
423	0.136170
424	0.127647
425	0.118713
426	0.109436
427	0.099884
428	0.090127
429	0.080233
430	0.070270
431	0.060303
432	0.050399
433	0.040620
434	0.031025
435	0.021672
436	0.012616
437	0.003906
438	-0.004411
439	-0.012294
440	-0.019704
441	-0.026608
442	-0.032979
443	-0.038792
444	-0.044029
445	-0.048678
446	-0.052729
447	-0.056180
448	-0.059032
449	-0.061292
450	-0.062970
451	-0.064083
452	-0.064650
453	-0.064694
454	-0.064244
455	-0.063331
456	-0.061988
457	-0.060253
458	-0.058164
459	-0.055764
460	-0.053095
461	-0.050200
462	-0.047126
463	-0.043917
464	-0.040619
465	-0.037277
466	-0.033936
467	-0.030638
468	-0.027425
469	-0.024336
470	-0.021411
471	-0.018683
472	-0.016185
473	-0.013946
474	-0.011992
475	-0.010347
476	-0.009029
477	-0.008053
478	-0.007430
479	-0.007169
480	-0.007273
481	-0.007741
482	-0.008569
483	-0.009748
484	-0.011267
485	-0.013110
486	-0.015258
487	-0.017688
488	-0.020375
489	-0.023291
490	-0.026404
491	-0.029682
492	-0.033089
493	-0.036588
494	-0.040140
495	-0.043708
496	-0.047249
497	-0.050725
498	-0.054095
499	-0.057318
500	-0.060356
501	-0.063171
502	-0.065724
503	-0.067982
504	-0.069912
505	-0.071481
506	-0.072662
507	-0.073430
508	-0.073761
509	-0.073636
510	-0.073040
511	-0.071959
512	-0.070386
513	-0.068314
514	-0.065743
515	-0.062675
516	-0.059115
517	-0.055075
518	-0.050568
519	-0.045611
520	-0.040225
521	-0.034434
522	-0.028265
523	-0.021750
524	-0.014920
525	-0.007812
526	-0.000464
527	0.007084
528	0.014791
529	0.022613
530	0.030506
531	0.038425
532	0.046324
533	0.054157
534	0.061879
535	0.069443
536	0.076805
537	0.083922
538	0.090752
539	0.097253
540	0.103387
541	0.109117
542	0.114409
543	0.119231
544	0.123554
545	0.127352
546	0.130602
547	0.133283
548	0.135381
549	0.136880
550	0.137773
551	0.138052
552	0.137715
553	0.136762
554	0.135199
555	0.133031
556	0.130270
557	0.126930
558	0.123028
559	0.118583
560	0.113618
561	0.108158
562	0.102230
563	0.095863
564	0.089090
565	0.081943
566	0.074456
567	0.066667
568	0.058610
569	0.050324
570	0.041847
571	0.033217
572	0.024473
573	0.015653
574	0.006795
575	-0.002064
576	-0.010887
577	-0.019638
578	-0.028284
579	-0.036789
580	-0.045123
581	-0.053255
582	-0.061156
583	-0.068800
584	-0.076160
585	-0.083214
586	-0.089939
587	-0.096316
588	-0.102328
589	-0.107958
590	-0.113192
591	-0.118019
592	-0.122429
593	-0.126411
594	-0.129961
595	-0.133073
596	-0.135743
597	-0.137970
598	-0.139752
599	-0.141090
600	-0.141987
601	-0.142444
602	-0.142466
603	-0.142058
604	-0.141225
605	-0.139974
606	-0.138312
607	-0.136246
608	-0.133784
609	-0.130935
610	-0.127708
611	-0.124111
612	-0.120155
613	-0.115849
614	-0.111204
615	-0.106229
616	-0.100935
617	-0.095333
618	-0.089435
619	-0.083250
620	-0.076792
621	-0.070072
622	-0.063104
623	-0.055899
624	-0.048472
625	-0.040837
626	-0.033009
627	-0.025003
628	-0.016836
629	-0.008526
630	-0.000090
631	0.008452
632	0.017081
633	0.025774
634	0.034511
635	0.043266
636	0.052017
637	0.060736
638	0.069399
639	0.077976
640	0.086441
641	0.094762
642	0.102909
643	0.110852
644	0.118559
645	0.125996
646	0.133132
647	0.139932
648	0.146365
649	0.152396
650	0.157993
651	0.163124
652	0.167756
653	0.171859
654	0.175402
655	0.178358
656	0.180699
657	0.182399
658	0.183436
659	0.183789
660	0.183437
661	0.182367
662	0.180564
663	0.178018
664	0.174723
665	0.170674
666	0.165872
667	0.160320
668	0.154027
669	0.147002
670	0.139262
671	0.130826
672	0.121717
673	0.111963
674	0.101595
675	0.090647
676	0.079160
677	0.067176
678	0.054742
679	0.041906
680	0.028723
681	0.015248
682	0.001541
683	-0.012339
684	-0.026327
685	-0.040358
686	-0.054366
687	-0.068283
688	-0.082040
689	-0.095568
690	-0.108798
691	-0.121662
692	-0.134092
693	-0.146022
694	-0.157386
695	-0.168122
696	-0.178170
697	-0.187472
698	-0.195974
699	-0.203627
700	-0.210382
701	-0.216199
702	-0.221039
703	-0.224871
704	-0.227666
705	-0.229403
706	-0.230064
707	-0.229641
708	-0.228127
709	-0.225525
710	-0.221841
711	-0.217088
712	-0.211288
713	-0.204463
714	-0.196647
715	-0.187876
716	-0.178193
717	-0.167645
718	-0.156286
719	-0.144173
720	-0.131370
721	-0.117942
722	-0.103960
723	-0.089497
724	-0.074630
725	-0.059439
726	-0.044003
727	-0.028407
728	-0.012732
729	0.002937
730	0.018515
731	0.033919
732	0.049068
733	0.063879
734	0.078275
735	0.092179
736	0.105518
737	0.118222
738	0.130226
739	0.141467
740	0.151890
741	0.161443
742	0.170079
743	0.177759
744	0.184446
745	0.190114
746	0.194739
747	0.198306
748	0.200805
749	0.202234
750	0.202596
751	0.201902
752	0.200168
753	0.197416
754	0.193676
755	0.188982
756	0.183375
757	0.176899
758	0.169606
759	0.161549
760	0.152789
761	0.143389
762	0.133414
763	0.122933
764	0.112018
765	0.100743
766	0.089181
767	0.077408
768	0.065501
769	0.053534
770	0.041582
771	0.029720
772	0.018018
773	0.006547
774	-0.004627
775	-0.015440
776	-0.025831
777	-0.035744
778	-0.045127
779	-0.053931
780	-0.062116
781	-0.069642
782	-0.076477
783	-0.082596
784	-0.087976
785	-0.092602
786	-0.096465
787	-0.099561
788	-0.101891
789	-0.103464
790	-0.104291
791	-0.104392
792	-0.103789
793	-0.102512
794	-0.100592
795	-0.098068
796	-0.094980
797	-0.091373
798	-0.087296
799	-0.082798
800	-0.077934
801	-0.072758
802	-0.067326
803	-0.061696
804	-0.055927
805	-0.050075
806	-0.044199
807	-0.038355
808	-0.032598
809	-0.026982
810	-0.021558
811	-0.016375
812	-0.011478
813	-0.006910
814	-0.002709
815	0.001090
816	0.004457
817	0.007365
818	0.009794
819	0.011727
820	0.013152
821	0.014062
822	0.014456
823	0.014337
824	0.013713
825	0.012597
826	0.011008
827	0.008966
828	0.006499
829	0.003638
830	0.000417
831	-0.003126
832	-0.006950
833	-0.011010
834	-0.015260
835	-0.019652
836	-0.024135
837	-0.028657
838	-0.033167
839	-0.037612
840	-0.041939
841	-0.046096
842	-0.050032
843	-0.053699
844	-0.057048
845	-0.060033
846	-0.062612
847	-0.064745
848	-0.066395
849	-0.067530
850	-0.068121
851	-0.068144
852	-0.067577
853	-0.066406
854	-0.064620
855	-0.062213
856	-0.059184
857	-0.055537
858	-0.051283
859	-0.046434
860	-0.041011
861	-0.035037
862	-0.028542
863	-0.021558
864	-0.014124
865	-0.006280
866	0.001928
867	0.010451
868	0.019237
869	0.028232
870	0.037379
871	0.046619
872	0.055892
873	0.065135
874	0.074287
875	0.083285
876	0.092068
877	0.100574
878	0.108742
879	0.116513
880	0.123831
881	0.130642
882	0.136892
883	0.142535
884	0.147525
885	0.151820
886	0.155384
887	0.158183
888	0.160190
889	0.161381
890	0.161738
891	0.161248
892	0.159902
893	0.157699
894	0.154641
895	0.150735
896	0.145995
897	0.140440
898	0.134094
899	0.126983
900	0.119143
901	0.110609
902	0.101426
903	0.091637
904	0.081294
905	0.070448
906	0.059157
907	0.047479
908	0.035475
909	0.023208
910	0.010742
911	-0.001857
912	-0.014523
913	-0.027189
914	-0.039789
915	-0.052257
916	-0.064529
917	-0.076539
918	-0.088228
919	-0.099534
920	-0.110401
921	-0.120774
922	-0.130601
923	-0.139834
924	-0.148428
925	-0.156343
926	-0.163540
927	-0.169988
928	-0.175658
929	-0.180526
930	-0.184573
931	-0.187783
932	-0.190145
933	-0.191655
934	-0.192311
935	-0.192116
936	-0.191077
937	-0.189207
938	-0.186520
939	-0.183038
940	-0.178784
941	-0.173784
942	-0.168069
943	-0.161674
944	-0.154634
945	-0.146988
946	-0.138778
947	-0.130046
948	-0.120839
949	-0.111202
950	-0.101183
951	-0.090831
952	-0.080195
953	-0.069323
954	-0.058266
955	-0.047072
956	-0.035790
957	-0.024468
958	-0.013153
959	-0.001891
960	0.009274
961	0.020298
962	0.031142
963	0.041766
964	0.052131
965	0.062204
966	0.071950
967	0.081340
968	0.090344
969	0.098937
970	0.107095
971	0.114795
972	0.122020
973	0.128752
974	0.134976
975	0.140681
976	0.145856
977	0.150493
978	0.154586
979	0.158130
980	0.161124
981	0.163567
982	0.165459
983	0.166804
984	0.167605
985	0.167866
986	0.167596
987	0.166800
988	0.165488
989	0.163669
990	0.161353
991	0.158552
992	0.155277
993	0.151541
994	0.147357
995	0.142738
996	0.137699
997	0.132255
998	0.126419
999	0.120210
1000	0.113641
1001	0.106731
1002	0.099497
1003	0.091955
1004	0.084125
1005	0.076025
1006	0.067675
1007	0.059095
1008	0.050306
1009	0.041328
1010	0.032185
1011	0.022900
1012	0.013496
1013	0.003997
1014	-0.005571
1015	-0.015181
1016	-0.024807
1017	-0.034420
1018	-0.043993
1019	-0.053496
1020	-0.062899
1021	-0.072172
1022	-0.081283
1023	-0.090200
1024	-0.098891
1025	-0.107325
1026	-0.115468
1027	-0.123289
1028	-0.130754
1029	-0.137831
1030	-0.144489
1031	-0.150696
1032	-0.156423
1033	-0.161639
1034	-0.166316
1035	-0.170427
1036	-0.173947
1037	-0.176852
1038	-0.179120
1039	-0.180731
1040	-0.181668
1041	-0.181916
1042	-0.181463
1043	-0.180298
1044	-0.178416
1045	-0.175813
1046	-0.172489
1047	-0.168447
1048	-0.163693
1049	-0.158238
1050	-0.152095
1051	-0.145281
1052	-0.137818
1053	-0.129729
1054	-0.121043
1055	-0.111791
1056	-0.102007
1057	-0.091730
1058	-0.081002
1059	-0.069865
1060	-0.058368
1061	-0.046560
1062	-0.034493
1063	-0.022221
1064	-0.009800
1065	0.002713
1066	0.015258
1067	0.027776
1068	0.040207
1069	0.052490
1070	0.064565
1071	0.076371
1072	0.087849
1073	0.098941
1074	0.109591
1075	0.119744
1076	0.129347
1077	0.138351
1078	0.146708
1079	0.154375
1080	0.161311
1081	0.167479
1082	0.172848
1083	0.177390
1084	0.181079
1085	0.183898
1086	0.185833
1087	0.186873
1088	0.187014
1089	0.186259
1090	0.184612
1091	0.182084
1092	0.178692
1093	0.174457
1094	0.169405
1095	0.163567
1096	0.156978
1097	0.149678
1098	0.141711
1099	0.133125
1100	0.123970
1101	0.114301
1102	0.104176
1103	0.093654
1104	0.082798
1105	0.071672
1106	0.060340
1107	0.048869
1108	0.037325
1109	0.025775
1110	0.014285
1111	0.002921
1112	-0.008255
1113	-0.019178
1114	-0.029789
1115	-0.040031
1116	-0.049847
1117	-0.059187
1118	-0.068003
1119	-0.076250
1120	-0.083887
1121	-0.090880
1122	-0.097198
1123	-0.102814
1124	-0.107708
1125	-0.111862
1126	-0.115267
1127	-0.117917
1128	-0.119811
1129	-0.120955
1130	-0.121359
1131	-0.121037
1132	-0.120009
1133	-0.118301
1134	-0.115942
1135	-0.112964
1136	-0.109406
1137	-0.105308
1138	-0.100716
1139	-0.095676
1140	-0.090239
1141	-0.084457
1142	-0.078383
1143	-0.072074
1144	-0.065585
1145	-0.058974
1146	-0.052297
1147	-0.045611
1148	-0.038971
1149	-0.032431
1150	-0.026044
1151	-0.019861
1152	-0.013929
1153	-0.008294
1154	-0.002998
1155	0.001922
1156	0.006430
1157	0.010497
1158	0.014096
1159	0.017206
1160	0.019809
1161	0.021894
1162	0.023453
1163	0.024484
1164	0.024990
1165	0.024978
1166	0.024460
1167	0.023454
1168	0.021981
1169	0.020067
1170	0.017741
1171	0.015039
1172	0.011996
1173	0.008655
1174	0.005058
1175	0.001252
1176	-0.002715
1177	-0.006793
1178	-0.010930
1179	-0.015074
1180	-0.019173
1181	-0.023173
1182	-0.027023
1183	-0.030672
1184	-0.034069
1185	-0.037166
1186	-0.039918
1187	-0.042282
1188	-0.044216
1189	-0.045685
1190	-0.046656
1191	-0.047099
1192	-0.046989
1193	-0.046308
1194	-0.045039
1195	-0.043172
1196	-0.040703
1197	-0.037630
1198	-0.033960
1199	-0.029703
1200	-0.024874
1201	-0.019496
1202	-0.013593
1203	-0.007198
1204	-0.000346
1205	0.006924
1206	0.014565
1207	0.022530
1208	0.030766
1209	0.039218
1210	0.047827
1211	0.056533
1212	0.065273
1213	0.073983
1214	0.082595
1215	0.091046
1216	0.099268
1217	0.107195
1218	0.114762
1219	0.121906
1220	0.128565
1221	0.134678
1222	0.140190
1223	0.145047
1224	0.149198
1225	0.152598
1226	0.155206
1227	0.156985
1228	0.157903
1229	0.157934
1230	0.157058
1231	0.155260
1232	0.152531
1233	0.148869
1234	0.144277
1235	0.138765
1236	0.132348
1237	0.125050
1238	0.116898
1239	0.107926
1240	0.098174
1241	0.087688
1242	0.076518
1243	0.064719
1244	0.052353
1245	0.039483
1246	0.026177
1247	0.012508
1248	-0.001450
1249	-0.015620
1250	-0.029923
1251	-0.044277
1252	-0.058602
1253	-0.072814
1254	-0.086833
1255	-0.100576
1256	-0.113963
1257	-0.126915
1258	-0.139356
1259	-0.151211
1260	-0.162411
1261	-0.172888
1262	-0.182578
1263	-0.191422
1264	-0.199367
1265	-0.206365
1266	-0.212370
1267	-0.217346
1268	-0.221260
1269	-0.224088
1270	-0.225810
1271	-0.226412
1272	-0.225888
1273	-0.224239
1274	-0.221471
1275	-0.217596
1276	-0.212635
1277	-0.206612
1278	-0.199558
1279	-0.191513
1280	-0.182517
1281	-0.172619
1282	-0.161873
1283	-0.150335
1284	-0.138068
1285	-0.125137
1286	-0.111612
1287	-0.097564
1288	-0.083068
1289	-0.068201
1290	-0.053039
1291	-0.037664
1292	-0.022154
1293	-0.006590
1294	0.008949
1295	0.024384
1296	0.039639
1297	0.054636
1298	0.069302
1299	0.083567
1300	0.097362
1301	0.110622
1302	0.123286
1303	0.135298
1304	0.146603
1305	0.157154
1306	0.166906
1307	0.175821
1308	0.183865
1309	0.191009
1310	0.197228
1311	0.202506
1312	0.206828
1313	0.210187
1314	0.212580
1315	0.214009
1316	0.214482
1317	0.214011
1318	0.212613
1319	0.210308
1320	0.207123
1321	0.203087
1322	0.198233
1323	0.192597
1324	0.186220
1325	0.179144
1326	0.171414
1327	0.163077
1328	0.154183
1329	0.144781
1330	0.134925
1331	0.124667
1332	0.114059
1333	0.103157
1334	0.092012
1335	0.080678
1336	0.069208
1337	0.057653
1338	0.046063
1339	0.034488
1340	0.022974
1341	0.011568
1342	0.000312
1343	-0.010751
1344	-0.021584
1345	-0.032148
1346	-0.042410
1347	-0.052339
1348	-0.061904
1349	-0.071080
1350	-0.079843
1351	-0.088172
1352	-0.096048
1353	-0.103454
1354	-0.110378
1355	-0.116808
1356	-0.122736
1357	-0.128154
1358	-0.133059
1359	-0.137448
1360	-0.141320
1361	-0.144676
1362	-0.147520
1363	-0.149856
1364	-0.151688
1365	-0.153025
1366	-0.153874
1367	-0.154244
1368	-0.154144
1369	-0.153586
1370	-0.152580
1371	-0.151138
1372	-0.149273
1373	-0.146995
1374	-0.144319
1375	-0.141257
1376	-0.137822
1377	-0.134028
1378	-0.129888
1379	-0.125415
1380	-0.120623
1381	-0.115525
1382	-0.110136
1383	-0.104468
1384	-0.098536
1385	-0.092355
1386	-0.085937
1387	-0.079299
1388	-0.072455
1389	-0.065419
1390	-0.058209
1391	-0.050839
1392	-0.043327
1393	-0.035690
1394	-0.027945
1395	-0.020110
1396	-0.012206
1397	-0.004250
1398	0.003736
1399	0.011731
1400	0.019713
1401	0.027661
1402	0.035551
1403	0.043359
1404	0.051062
1405	0.058633
1406	0.066050
1407	0.073284
1408	0.080312
1409	0.087107
1410	0.093643
1411	0.099895
1412	0.105836
1413	0.111441
1414	0.116686
1415	0.121547
1416	0.126000
1417	0.130024
1418	0.133597
1419	0.136699
1420	0.139313
1421	0.141422
1422	0.143011
1423	0.144068
1424	0.144581
1425	0.144544
1426	0.143949
1427	0.142793
1428	0.141076
1429	0.138799
1430	0.135967
1431	0.132588
1432	0.128671
1433	0.124229
1434	0.119279
1435	0.113838
1436	0.107930
1437	0.101577
1438	0.094807
1439	0.087648
1440	0.080133
1441	0.072296
1442	0.064172
1443	0.055800
1444	0.047219
1445	0.038469
1446	0.029594
1447	0.020637
1448	0.011641
1449	0.002652
1450	-0.006286
1451	-0.015129
1452	-0.023832
1453	-0.032352
1454	-0.040645
1455	-0.048671
1456	-0.056388
1457	-0.063760
1458	-0.070749
1459	-0.077323
1460	-0.083448
1461	-0.089096
1462	-0.094242
1463	-0.098863
1464	-0.102939
1465	-0.106454
1466	-0.109395
1467	-0.111754
1468	-0.113525
1469	-0.114707
1470	-0.115302
1471	-0.115316
1472	-0.114758
1473	-0.113642
1474	-0.111984
1475	-0.109805
1476	-0.107128
1477	-0.103979
1478	-0.100389
1479	-0.096389
1480	-0.092013
1481	-0.087299
1482	-0.082285
1483	-0.077011
1484	-0.071518
1485	-0.065850
1486	-0.060050
1487	-0.054160
1488	-0.048224
1489	-0.042287
1490	-0.036389
1491	-0.030572
1492	-0.024878
1493	-0.019343
1494	-0.014006
1495	-0.008900
1496	-0.004057
1497	0.000494
1498	0.004726
1499	0.008616
1500	0.012145
1501	0.015296
1502	0.018057
1503	0.020418
1504	0.022376
1505	0.023927
1506	0.025076
1507	0.025827
1508	0.026192
1509	0.026183
1510	0.025817
1511	0.025116
1512	0.024103
1513	0.022805
1514	0.021250
1515	0.019470
1516	0.017500
1517	0.015376
1518	0.013134
1519	0.010814
1520	0.008455
1521	0.006097
1522	0.003780
1523	0.001544
1524	-0.000571
1525	-0.002526
1526	-0.004285
1527	-0.005812
1528	-0.007074
1529	-0.008039
1530	-0.008679
1531	-0.008968
1532	-0.008884
1533	-0.008408
1534	-0.007524
1535	-0.006222
1536	-0.004494
1537	-0.002338
1538	0.000247
1539	0.003254
1540	0.006674
1541	0.010492
1542	0.014689
1543	0.019244
1544	0.024130
1545	0.029314
1546	0.034764
1547	0.040441
1548	0.046304
1549	0.052307
1550	0.058406
1551	0.064549
1552	0.070685
1553	0.076762
1554	0.082725
1555	0.088520
1556	0.094091
1557	0.099383
1558	0.104341
1559	0.108911
1560	0.113042
1561	0.116682
1562	0.119783
1563	0.122301
1564	0.124192
1565	0.125419
1566	0.125945
1567	0.125741
1568	0.124780
1569	0.123041
1570	0.120508
1571	0.117169
1572	0.113020
1573	0.108061
1574	0.102297
1575	0.095740
1576	0.088407
1577	0.080323
1578	0.071516
1579	0.062020
1580	0.051877
1581	0.041131
1582	0.029833
1583	0.018037
1584	0.005805
1585	-0.006800
1586	-0.019711
1587	-0.032857
1588	-0.046163
1589	-0.059553
1590	-0.072949
1591	-0.086272
1592	-0.099440
1593	-0.112373
1594	-0.124989
1595	-0.137208
1596	-0.148951
1597	-0.160141
1598	-0.170703
1599	-0.180564
1600	-0.189656
1601	-0.197914
1602	-0.205276
1603	-0.211687
1604	-0.217096
1605	-0.221457
1606	-0.224730
1607	-0.226884
1608	-0.227890
1609	-0.227728
1610	-0.226385
1611	-0.223854
1612	-0.220136
1613	-0.215240
1614	-0.209179
1615	-0.201976
1616	-0.193660
1617	-0.184267
1618	-0.173839
1619	-0.162426
1620	-0.150082
1621	-0.136869
1622	-0.122852
1623	-0.108104
1624	-0.092701
1625	-0.076723
1626	-0.060254
1627	-0.043381
1628	-0.026195
1629	-0.008788
1630	0.008747
1631	0.026315
1632	0.043821
1633	0.061171
1634	0.078269
1635	0.095024
1636	0.111344
1637	0.127142
1638	0.142331
1639	0.156831
1640	0.170563
1641	0.183455
1642	0.195437
1643	0.206447
1644	0.216427
1645	0.225327
1646	0.233101
1647	0.239711
1648	0.245126
1649	0.249319
1650	0.252275
1651	0.253982
1652	0.254437
1653	0.253644
1654	0.251613
1655	0.248362
1656	0.243915
1657	0.238304
1658	0.231566
1659	0.223744
1660	0.214887
1661	0.205049
1662	0.194291
1663	0.182677
1664	0.170274
1665	0.157155
1666	0.143394
1667	0.129071
1668	0.114264
1669	0.099057
1670	0.083532
1671	0.067772
1672	0.051864
1673	0.035889
1674	0.019931
1675	0.004071
1676	-0.011610
1677	-0.027035
1678	-0.042130
1679	-0.056821
1680	-0.071042
1681	-0.084726
1682	-0.097815
1683	-0.110251
1684	-0.121983
1685	-0.132965
1686	-0.143156
1687	-0.152519
1688	-0.161024
1689	-0.168644
1690	-0.175361
1691	-0.181159
1692	-0.186029
1693	-0.189969
1694	-0.192978
1695	-0.195065
1696	-0.196239
1697	-0.196518
1698	-0.195922
1699	-0.194477
1700	-0.192210
1701	-0.189156
1702	-0.185350
1703	-0.180830
1704	-0.175640
1705	-0.169822
1706	-0.163424
1707	-0.156494
1708	-0.149080
1709	-0.141233
1710	-0.133003
1711	-0.124442
1712	-0.115601
1713	-0.106531
1714	-0.097280
1715	-0.087899
1716	-0.078435
1717	-0.068934
1718	-0.059440
1719	-0.049997
1720	-0.040643
1721	-0.031418
1722	-0.022356
1723	-0.013490
1724	-0.004851
1725	0.003534
1726	0.011641
1727	0.019448
1728	0.026935
1729	0.034087
1730	0.040891
1731	0.047336
1732	0.053413
1733	0.059117
1734	0.064445
1735	0.069395
1736	0.073970
1737	0.078171
1738	0.082005
1739	0.085476
1740	0.088593
1741	0.091365
1742	0.093801
1743	0.095914
1744	0.097713
1745	0.099212
1746	0.100423
1747	0.101357
1748	0.102028
1749	0.102448
1750	0.102629
1751	0.102583
1752	0.102320
1753	0.101852
1754	0.101188
1755	0.100337
1756	0.099308
1757	0.098108
1758	0.096744
1759	0.095222
1760	0.093546
1761	0.091720
1762	0.089749
1763	0.087634
1764	0.085378
1765	0.082982
1766	0.080448
1767	0.077775
1768	0.074964
1769	0.072015
1770	0.068928
1771	0.065703
1772	0.062341
1773	0.058841
1774	0.055205
1775	0.051434
1776	0.047530
1777	0.043495
1778	0.039334
1779	0.035050
1780	0.030648
1781	0.026135
1782	0.021519
1783	0.016806
1784	0.012007
1785	0.007133
1786	0.002195
1787	-0.002795
1788	-0.007821
1789	-0.012870
1790	-0.017925
1791	-0.022970
1792	-0.027987
1793	-0.032958
1794	-0.037863
1795	-0.042685
1796	-0.047402
1797	-0.051995
1798	-0.056443
1799	-0.060728
1800	-0.064829
1801	-0.068727
1802	-0.072402
1803	-0.075838
1804	-0.079016
1805	-0.081921
1806	-0.084537
1807	-0.086851
1808	-0.088849
1809	-0.090522
1810	-0.091860
1811	-0.092856
1812	-0.093503
1813	-0.093799
1814	-0.093741
1815	-0.093330
1816	-0.092568
1817	-0.091460
1818	-0.090012
1819	-0.088232
1820	-0.086130
1821	-0.083720
1822	-0.081015
1823	-0.078031
1824	-0.074786
1825	-0.071298
1826	-0.067589
1827	-0.063680
1828	-0.059593
1829	-0.055352
1830	-0.050982
1831	-0.046508
1832	-0.041954
1833	-0.037347
1834	-0.032711
1835	-0.028072
1836	-0.023454
1837	-0.018882
1838	-0.014378
1839	-0.009964
1840	-0.005662
1841	-0.001492
1842	0.002529
1843	0.006385
1844	0.010060
1845	0.013541
1846	0.016819
1847	0.019884
1848	0.022729
1849	0.025350
1850	0.027746
1851	0.029914
1852	0.031859
1853	0.033582
1854	0.035092
1855	0.036396
1856	0.037503
1857	0.038426
1858	0.039178
1859	0.039773
1860	0.040228
1861	0.040560
1862	0.040786
1863	0.040925
1864	0.040997
1865	0.041022
1866	0.041017
1867	0.041004
1868	0.041001
1869	0.041026
1870	0.041096
1871	0.041229
1872	0.041439
1873	0.041740
1874	0.042143
1875	0.042660
1876	0.043298
1877	0.044063
1878	0.044959
1879	0.045988
1880	0.047148
1881	0.048437
1882	0.049848
1883	0.051373
1884	0.053002
1885	0.054719
1886	0.056511
1887	0.058358
1888	0.060241
1889	0.062137
1890	0.064022
1891	0.065871
1892	0.067655
1893	0.069347
1894	0.070916
1895	0.072333
1896	0.073566
1897	0.074584
1898	0.075357
1899	0.075854
1900	0.076044
1901	0.075899
1902	0.075392
1903	0.074496
1904	0.073187
1905	0.071443
1906	0.069245
1907	0.066577
1908	0.063424
1909	0.059776
1910	0.055627
1911	0.050971
1912	0.045811
1913	0.040151
1914	0.033997
1915	0.027364
1916	0.020267
1917	0.012727
1918	0.004769
1919	-0.003578
1920	-0.012282
1921	-0.021306
1922	-0.030608
1923	-0.040146
1924	-0.049873
1925	-0.059736
1926	-0.069685
1927	-0.079662
1928	-0.089611
1929	-0.099471
1930	-0.109182
1931	-0.118682
1932	-0.127907
1933	-0.136797
1934	-0.145287
1935	-0.153316
1936	-0.160823
1937	-0.167750
1938	-0.174039
1939	-0.179635
1940	-0.184487
1941	-0.188547
1942	-0.191770
1943	-0.194115
1944	-0.195546
1945	-0.196032
1946	-0.195547
1947	-0.194071
1948	-0.191587
1949	-0.188086
1950	-0.183566
1951	-0.178029
1952	-0.171485
1953	-0.163948
1954	-0.155441
1955	-0.145991
1956	-0.135633
1957	-0.124407
1958	-0.112358
1959	-0.099540
1960	-0.086009
1961	-0.071827
1962	-0.057062
1963	-0.041787
1964	-0.026075
1965	-0.010009
1966	0.006331
1967	0.022858
1968	0.039485
1969	0.056122
1970	0.072679
1971	0.089065
1972	0.105188
1973	0.120958
1974	0.136285
1975	0.151081
1976	0.165262
1977	0.178743
1978	0.191447
1979	0.203296
1980	0.214220
1981	0.224152
1982	0.233031
1983	0.240802
1984	0.247415
1985	0.252828
1986	0.257003
1987	0.259912
1988	0.261532
1989	0.261848
1990	0.260854
1991	0.258548
1992	0.254940
1993	0.250043
1994	0.243882
1995	0.236485
1996	0.227890
1997	0.218142
1998	0.207291
1999	0.195394
